"Data-Hora";"Activa";"ValidaÃ§Ã£o";"Reactiva Indutiva";"ValidaÃ§Ã£o";"Reactiva Capacitiva";"ValidaÃ§Ã£o";
"01-01-2014 00h15";85.14;0;22.4;0;0;0;
"01-01-2014 00h30";92.15;0;30.1;0;0;0;
"01-01-2014 00h45";97.15;0;29.6;0;0;0;
"01-01-2014 01h00";84.14;0;26.3;0;0;0;
"01-01-2014 01h15";104.16;0;31.3;0;0;0;
"01-01-2014 01h30";106.16;0;32.5;0;0;0;
"01-01-2014 01h45";104.16;0;28.3;0;0;0;
"01-01-2014 02h00";95.15;0;32.4;0;0;0;
"01-01-2014 02h15";100.16;0;29.9;0;0;0;
"01-01-2014 02h30";104.16;0;27.3;0;0;0;
"01-01-2014 02h45";112.16;0;36.1;0;0;0;
"01-01-2014 03h00";105.16;0;31.4;0;0;0;
"01-01-2014 03h15";103.16;0;34.2;0;0;0;
"01-01-2014 03h30";106.16;0;31.5;0;0;0;
"01-01-2014 03h45";111.16;0;33;0;0;0;
"01-01-2014 04h00";108.16;0;32.7;0;0;0;
"01-01-2014 04h15";108.16;0;31.7;0;0;0;
"01-01-2014 04h30";101.16;0;30;0;0;0;
"01-01-2014 04h45";106.16;0;30.5;0;0;0;
"01-01-2014 05h00";103.16;0;30.2;0;0;0;
"01-01-2014 05h15";105.16;0;29.4;0;0;0;
"01-01-2014 05h30";104.16;0;29.3;0;0;0;
"01-01-2014 05h45";113.17;0;32.2;0;0;0;
"01-01-2014 06h00";106.16;0;30.5;0;0;0;
"01-01-2014 06h15";105.16;0;30.4;0;0;0;
"01-01-2014 06h30";113.17;0;34.2;0;0;0;
"01-01-2014 06h45";121.17;0;33;0;0;0;
"01-01-2014 07h00";116.17;0;31.5;0;0;0;
"01-01-2014 07h15";129.46;0;37.8;0;0;0;
"01-01-2014 07h30";123.17;0;34.2;0;0;0;
"01-01-2014 07h45";131.47;0;34;0;0;0;
"01-01-2014 08h00";138.49;0;36.7;0;0;0;
"01-01-2014 08h15";139.49;0;38.8;0;0;0;
"01-01-2014 08h30";132.47;0;41.1;0;0;0;
"01-01-2014 08h45";138.49;0;40.7;0;0;0;
"01-01-2014 09h00";141.5;0;38;0;0;0;
"01-01-2014 09h15";134.48;0;37.3;0;0;0;
"01-01-2014 09h30";138.49;0;36.7;0;0;0;
"01-01-2014 09h45";146.51;0;38.5;0;0;0;
"01-01-2014 10h00";152.53;0;38.1;0;0;0;
"01-01-2014 10h15";139.49;0;38.8;0;0;0;
"01-01-2014 10h30";136.48;0;39.5;0;0;0;
"01-01-2014 10h45";139.49;0;33.8;0;0;0;
"01-01-2014 11h00";137.49;0;38.6;0;0;0;
"01-01-2014 11h15";135.48;0;39.4;0;0;0;
"01-01-2014 11h30";138.49;0;38.7;0;0;0;
"01-01-2014 11h45";136.48;0;35.5;0;0;0;
"01-01-2014 12h00";143.5;0;41.2;0;0;0;
"01-01-2014 12h15";122.17;0;33.1;0;0;0;
"01-01-2014 12h30";137.49;0;40.6;0;0;0;
"01-01-2014 12h45";126.45;0;39.5;0;0;0;
"01-01-2014 13h00";122.17;0;35.1;0;0;0;
"01-01-2014 13h15";124.17;0;34.3;0;0;0;
"01-01-2014 13h30";121.17;0;30;0;0;0;
"01-01-2014 13h45";139.49;0;36.8;0;0;0;
"01-01-2014 14h00";138.49;0;34.7;0;0;0;
"01-01-2014 14h15";128.46;0;35.7;0;0;0;
"01-01-2014 14h30";123.17;0;35.2;0;0;0;
"01-01-2014 14h45";137.49;0;41.6;0;0;0;
"01-01-2014 15h00";135.48;0;38.4;0;0;0;
"01-01-2014 15h15";151.53;0;40;0;0;0;
"01-01-2014 15h30";140.5;0;36.9;0;0;0;
"01-01-2014 15h45";149.52;0;36.8;0;0;0;
"01-01-2014 16h00";145.51;0;43.4;0;0;0;
"01-01-2014 16h15";139.49;0;36.8;0;0;0;
"01-01-2014 16h30";134.48;0;38.3;0;0;0;
"01-01-2014 16h45";155.54;0;38.4;0;0;0;
"01-01-2014 17h00";142.5;0;40.1;0;0;0;
"01-01-2014 17h15";134.48;0;38.3;0;0;0;
"01-01-2014 17h30";136.48;0;38.5;0;0;0;
"01-01-2014 17h45";146.51;0;37.5;0;0;0;
"01-01-2014 18h00";139.49;0;40.8;0;0;0;
"01-01-2014 18h15";149.52;0;39.8;0;0;0;
"01-01-2014 18h30";158.55;0;38.7;0;0;0;
"01-01-2014 18h45";145.51;0;41.4;0;0;0;
"01-01-2014 19h00";139.49;0;36.8;0;0;0;
"01-01-2014 19h15";138.49;0;42.7;0;0;0;
"01-01-2014 19h30";142.5;0;42.1;0;0;0;
"01-01-2014 19h45";137.49;0;40.6;0;0;0;
"01-01-2014 20h00";134.48;0;38.3;0;0;0;
"01-01-2014 20h15";141.5;0;40;0;0;0;
"01-01-2014 20h30";133.47;0;38.2;0;0;0;
"01-01-2014 20h45";139.49;0;40.8;0;0;0;
"01-01-2014 21h00";136.48;0;39.5;0;0;0;
"01-01-2014 21h15";147.52;0;44.6;0;0;0;
"01-01-2014 21h30";144.51;0;40.3;0;0;0;
"01-01-2014 21h45";140.5;0;38.9;0;0;0;
"01-01-2014 22h00";137.49;0;39.6;0;0;0;
"01-01-2014 22h15";136.48;0;36.5;0;0;0;
"01-01-2014 22h30";124.17;0;34.3;0;0;0;
"01-01-2014 22h45";125.18;0;39.4;0;0;0;
"01-01-2014 23h00";126.45;0;36.5;0;0;0;
"01-01-2014 23h15";110.16;0;29.9;0;0;0;
"01-01-2014 23h30";107.16;0;31.6;0;0;0;
"01-01-2014 23h45";112.16;0;33.1;0;0;0;
"01-01-2014 00h00";98.15;0;29.7;0;0;0;
"02-01-2014 00h15";90.15;0;26.9;0;0;0;
"02-01-2014 00h30";106.16;0;29.5;0;0;0;
"02-01-2014 00h45";97.15;0;33.6;0;0;0;
"02-01-2014 01h00";94.15;0;29.3;0;0;0;
"02-01-2014 01h15";101.16;0;29;0;0;0;
"02-01-2014 01h30";110.16;0;28.9;0;0;0;
"02-01-2014 01h45";103.16;0;27.2;0;0;0;
"02-01-2014 02h00";109.16;0;28.8;0;0;0;
"02-01-2014 02h15";101.16;0;28;0;0;0;
"02-01-2014 02h30";109.16;0;32.8;0;0;0;
"02-01-2014 02h45";119.17;0;34.8;0;0;0;
"02-01-2014 03h00";111.16;0;28;0;0;0;
"02-01-2014 03h15";112.16;0;33.1;0;0;0;
"02-01-2014 03h30";103.16;0;28.2;0;0;0;
"02-01-2014 03h45";122.17;0;33.1;0;0;0;
"02-01-2014 04h00";108.16;0;28.7;0;0;0;
"02-01-2014 04h15";112.16;0;35.1;0;0;0;
"02-01-2014 04h30";105.16;0;33.4;0;0;0;
"02-01-2014 04h45";118.17;0;33.7;0;0;0;
"02-01-2014 05h00";113.17;0;31.2;0;0;0;
"02-01-2014 05h15";107.16;0;29.6;0;0;0;
"02-01-2014 05h30";112.16;0;31.1;0;0;0;
"02-01-2014 05h45";123.17;0;37.2;0;0;0;
"02-01-2014 06h00";114.17;0;34.3;0;0;0;
"02-01-2014 06h15";107.16;0;31.6;0;0;0;
"02-01-2014 06h30";124.17;0;34.3;0;0;0;
"02-01-2014 06h45";124.17;0;36.3;0;0;0;
"02-01-2014 07h00";151.53;0;38;0;0;0;
"02-01-2014 07h15";184.63;0;50.3;0;0;0;
"02-01-2014 07h30";192.65;0;55.1;0;0;0;
"02-01-2014 07h45";219.73;0;59.8;0;0;0;
"02-01-2014 08h00";216.72;0;58.5;0;0;0;
"02-01-2014 08h15";174.6;0;49.3;0;0;0;
"02-01-2014 08h30";163.56;0;50.2;0;0;0;
"02-01-2014 08h45";174.6;0;50.3;0;0;0;
"02-01-2014 09h00";180.62;0;50.9;0;0;0;
"02-01-2014 09h15";179.61;0;51.8;0;0;0;
"02-01-2014 09h30";179.61;0;49.8;0;0;0;
"02-01-2014 09h45";191.65;0;52;0;0;0;
"02-01-2014 10h00";183.62;0;48.2;0;0;0;
"02-01-2014 10h15";199.67;0;55.8;0;0;0;
"02-01-2014 10h30";201.68;0;50;0;0;0;
"02-01-2014 10h45";207.7;0;56.6;0;0;0;
"02-01-2014 11h00";207.7;0;54.6;0;0;0;
"02-01-2014 11h15";193.65;0;51.2;0;0;0;
"02-01-2014 11h30";192.65;0;54.1;0;0;0;
"02-01-2014 11h45";183.62;0;52.2;0;0;0;
"02-01-2014 12h00";187.64;0;44.6;0;0;0;
"02-01-2014 12h15";179.61;0;48.8;0;0;0;
"02-01-2014 12h30";191.65;0;56;0;0;0;
"02-01-2014 12h45";188.64;0;51.7;0;0;0;
"02-01-2014 13h00";186.63;0;53.5;0;0;0;
"02-01-2014 13h15";176.6;0;51.5;0;0;0;
"02-01-2014 13h30";172.59;0;49.1;0;0;0;
"02-01-2014 13h45";184.63;0;54.3;0;0;0;
"02-01-2014 14h00";183.62;0;51.2;0;0;0;
"02-01-2014 14h15";187.64;0;55.6;0;0;0;
"02-01-2014 14h30";179.61;0;50.8;0;0;0;
"02-01-2014 14h45";190.65;0;53.9;0;0;0;
"02-01-2014 15h00";183.62;0;52.2;0;0;0;
"02-01-2014 15h15";188.64;0;46.7;0;0;0;
"02-01-2014 15h30";192.65;0;54.1;0;0;0;
"02-01-2014 15h45";195.66;0;54.4;0;0;0;
"02-01-2014 16h00";194.66;0;52.3;0;0;0;
"02-01-2014 16h15";192.65;0;57.1;0;0;0;
"02-01-2014 16h30";196.66;0;50.5;0;0;0;
"02-01-2014 16h45";192.65;0;53.1;0;0;0;
"02-01-2014 17h00";208.7;0;57.7;0;0;0;
"02-01-2014 17h15";187.64;0;51.6;0;0;0;
"02-01-2014 17h30";203.68;0;55.2;0;0;0;
"02-01-2014 17h45";216.72;0;57.5;0;0;0;
"02-01-2014 18h00";200.68;0;52.9;0;0;0;
"02-01-2014 18h15";199.67;0;53.8;0;0;0;
"02-01-2014 18h30";220.74;0;52.9;0;0;0;
"02-01-2014 18h45";215.72;0;57.4;0;0;0;
"02-01-2014 19h00";213.71;0;59.2;0;0;0;
"02-01-2014 19h15";201.68;0;55;0;0;0;
"02-01-2014 19h30";196.66;0;58.5;0;0;0;
"02-01-2014 19h45";206.69;0;60.5;0;0;0;
"02-01-2014 20h00";207.7;0;55.6;0;0;0;
"02-01-2014 20h15";189.64;0;54.8;0;0;0;
"02-01-2014 20h30";185.63;0;54.4;0;0;0;
"02-01-2014 20h45";190.65;0;56.9;0;0;0;
"02-01-2014 21h00";180.62;0;50.9;0;0;0;
"02-01-2014 21h15";182.62;0;53.1;0;0;0;
"02-01-2014 21h30";186.63;0;56.5;0;0;0;
"02-01-2014 21h45";183.62;0;51.2;0;0;0;
"02-01-2014 22h00";186.63;0;56.5;0;0;0;
"02-01-2014 22h15";174.6;0;49.3;0;0;0;
"02-01-2014 22h30";148.52;0;40.7;0;0;0;
"02-01-2014 22h45";143.5;0;39.2;0;0;0;
"02-01-2014 23h00";132.47;0;37.1;0;0;0;
"02-01-2014 23h15";95.15;0;24.4;0;0;0;
"02-01-2014 23h30";90.15;0;24.9;0;0;0;
"02-01-2014 23h45";86.14;0;25.5;0;0;0;
"02-01-2014 00h00";88.15;0;26.7;0;0;0;
"03-01-2014 00h15";76.14;0;22.5;0;0;0;
"03-01-2014 00h30";90.15;0;28.9;0;0;0;
"03-01-2014 00h45";89.15;0;30.8;0;0;0;
"03-01-2014 01h00";79.14;0;25.8;0;0;0;
"03-01-2014 01h15";99.15;0;28.8;0;0;0;
"03-01-2014 01h30";96.15;0;27.5;0;0;0;
"03-01-2014 01h45";101.16;0;31;0;0;0;
"03-01-2014 02h00";96.15;0;26.5;0;0;0;
"03-01-2014 02h15";99.15;0;26.8;0;0;0;
"03-01-2014 02h30";92.15;0;27.1;0;0;0;
"03-01-2014 02h45";110.16;0;30.9;0;0;0;
"03-01-2014 03h00";106.16;0;28.5;0;0;0;
"03-01-2014 03h15";99.15;0;27.8;0;0;0;
"03-01-2014 03h30";94.15;0;27.3;0;0;0;
"03-01-2014 03h45";101.16;0;30;0;0;0;
"03-01-2014 04h00";95.15;0;31.4;0;0;0;
"03-01-2014 04h15";98.15;0;29.7;0;0;0;
"03-01-2014 04h30";92.15;0;26.1;0;0;0;
"03-01-2014 04h45";102.16;0;28.1;0;0;0;
"03-01-2014 05h00";102.16;0;27.1;0;0;0;
"03-01-2014 05h15";93.15;0;28.2;0;0;0;
"03-01-2014 05h30";99.15;0;31.8;0;0;0;
"03-01-2014 05h45";111.16;0;31;0;0;0;
"03-01-2014 06h00";101.16;0;31;0;0;0;
"03-01-2014 06h15";90.15;0;23.9;0;0;0;
"03-01-2014 06h30";110.16;0;29.9;0;0;0;
"03-01-2014 06h45";122.17;0;26.1;0;0;0;
"03-01-2014 07h00";153.53;0;39.2;0;0;0;
"03-01-2014 07h15";218.73;0;56.7;0;0;0;
"03-01-2014 07h30";202.68;0;60.1;0;0;0;
"03-01-2014 07h45";197.67;0;54.6;0;0;0;
"03-01-2014 08h00";183.62;0;45.2;0;0;0;
"03-01-2014 08h15";180.62;0;52.9;0;0;0;
"03-01-2014 08h30";179.61;0;51.8;0;0;0;
"03-01-2014 08h45";174.6;0;51.3;0;0;0;
"03-01-2014 09h00";197.67;0;51.6;0;0;0;
"03-01-2014 09h15";193.65;0;57.2;0;0;0;
"03-01-2014 09h30";178.61;0;50.7;0;0;0;
"03-01-2014 09h45";184.63;0;50.3;0;0;0;
"03-01-2014 10h00";181.62;0;52;0;0;0;
"03-01-2014 10h15";178.61;0;51.7;0;0;0;
"03-01-2014 10h30";186.63;0;55.5;0;0;0;
"03-01-2014 10h45";190.65;0;52.9;0;0;0;
"03-01-2014 11h00";191.65;0;52;0;0;0;
"03-01-2014 11h15";184.63;0;55.3;0;0;0;
"03-01-2014 11h30";184.63;0;55.3;0;0;0;
"03-01-2014 11h45";186.63;0;55.5;0;0;0;
"03-01-2014 12h00";185.63;0;56.4;0;0;0;
"03-01-2014 12h15";171.59;0;50;0;0;0;
"03-01-2014 12h30";181.62;0;50;0;0;0;
"03-01-2014 12h45";173.59;0;50.2;0;0;0;
"03-01-2014 13h00";184.63;0;53.3;0;0;0;
"03-01-2014 13h15";170.59;0;49.9;0;0;0;
"03-01-2014 13h30";161.56;0;51;0;0;0;
"03-01-2014 13h45";181.62;0;54;0;0;0;
"03-01-2014 14h00";166.57;0;50.5;0;0;0;
"03-01-2014 14h15";189.64;0;51.8;0;0;0;
"03-01-2014 14h30";191.65;0;56;0;0;0;
"03-01-2014 14h45";191.65;0;49;0;0;0;
"03-01-2014 15h00";181.62;0;52;0;0;0;
"03-01-2014 15h15";188.64;0;48.7;0;0;0;
"03-01-2014 15h30";190.65;0;53.9;0;0;0;
"03-01-2014 15h45";196.66;0;53.5;0;0;0;
"03-01-2014 16h00";195.66;0;48.4;0;0;0;
"03-01-2014 16h15";205.69;0;58.4;0;0;0;
"03-01-2014 16h30";204.69;0;54.3;0;0;0;
"03-01-2014 16h45";196.66;0;54.5;0;0;0;
"03-01-2014 17h00";200.68;0;50.9;0;0;0;
"03-01-2014 17h15";198.67;0;51.7;0;0;0;
"03-01-2014 17h30";198.67;0;58.7;0;0;0;
"03-01-2014 17h45";204.69;0;57.3;0;0;0;
"03-01-2014 18h00";201.68;0;56;0;0;0;
"03-01-2014 18h15";220.74;0;61.9;0;0;0;
"03-01-2014 18h30";227.76;0;64.6;0;0;0;
"03-01-2014 18h45";204.69;0;58.3;0;0;0;
"03-01-2014 19h00";217.73;0;63.6;0;0;0;
"03-01-2014 19h15";210.71;0;55.9;0;0;0;
"03-01-2014 19h30";215.72;0;59.4;0;0;0;
"03-01-2014 19h45";214.72;0;59.3;0;0;0;
"03-01-2014 20h00";207.7;0;58.6;0;0;0;
"03-01-2014 20h15";189.64;0;51.8;0;0;0;
"03-01-2014 20h30";182.62;0;54.1;0;0;0;
"03-01-2014 20h45";184.63;0;49.3;0;0;0;
"03-01-2014 21h00";181.62;0;56;0;0;0;
"03-01-2014 21h15";175.6;0;53.4;0;0;0;
"03-01-2014 21h30";176.6;0;50.5;0;0;0;
"03-01-2014 21h45";180.62;0;51.9;0;0;0;
"03-01-2014 22h00";176.6;0;49.5;0;0;0;
"03-01-2014 22h15";170.59;0;52.9;0;0;0;
"03-01-2014 22h30";157.55;0;45.6;0;0;0;
"03-01-2014 22h45";137.49;0;36.6;0;0;0;
"03-01-2014 23h00";129.46;0;32.8;0;0;0;
"03-01-2014 23h15";99.15;0;28.8;0;0;0;
"03-01-2014 23h30";94.15;0;29.3;0;0;0;
"03-01-2014 23h45";94.15;0;30.3;0;0;0;
"03-01-2014 00h00";95.15;0;30.4;0;0;0;
"04-01-2014 00h15";83.14;0;27.2;0;0;0;
"04-01-2014 00h30";95.15;0;31.4;0;0;0;
"04-01-2014 00h45";88.15;0;27.7;0;0;0;
"04-01-2014 01h00";94.15;0;30.3;0;0;0;
"04-01-2014 01h15";101.16;0;28;0;0;0;
"04-01-2014 01h30";98.15;0;28.7;0;0;0;
"04-01-2014 01h45";104.16;0;32.3;0;0;0;
"04-01-2014 02h00";101.16;0;34;0;0;0;
"04-01-2014 02h15";96.15;0;29.5;0;0;0;
"04-01-2014 02h30";103.16;0;31.2;0;0;0;
"04-01-2014 02h45";115.17;0;38.4;0;0;0;
"04-01-2014 03h00";104.16;0;32.3;0;0;0;
"04-01-2014 03h15";103.16;0;31.2;0;0;0;
"04-01-2014 03h30";99.15;0;27.8;0;0;0;
"04-01-2014 03h45";112.16;0;34.1;0;0;0;
"04-01-2014 04h00";104.16;0;28.3;0;0;0;
"04-01-2014 04h15";100.16;0;26.9;0;0;0;
"04-01-2014 04h30";102.16;0;30.1;0;0;0;
"04-01-2014 04h45";108.16;0;29.7;0;0;0;
"04-01-2014 05h00";104.16;0;31.3;0;0;0;
"04-01-2014 05h15";96.15;0;27.5;0;0;0;
"04-01-2014 05h30";101.16;0;30;0;0;0;
"04-01-2014 05h45";114.17;0;30.3;0;0;0;
"04-01-2014 06h00";100.16;0;29.9;0;0;0;
"04-01-2014 06h15";93.15;0;26.2;0;0;0;
"04-01-2014 06h30";109.16;0;29.8;0;0;0;
"04-01-2014 06h45";128.46;0;37.7;0;0;0;
"04-01-2014 07h00";172.59;0;48.1;0;0;0;
"04-01-2014 07h15";173.59;0;47.2;0;0;0;
"04-01-2014 07h30";173.59;0;50.2;0;0;0;
"04-01-2014 07h45";196.66;0;56.5;0;0;0;
"04-01-2014 08h00";170.59;0;46.9;0;0;0;
"04-01-2014 08h15";167.58;0;48.6;0;0;0;
"04-01-2014 08h30";190.65;0;55.9;0;0;0;
"04-01-2014 08h45";197.67;0;54.6;0;0;0;
"04-01-2014 09h00";200.68;0;55.9;0;0;0;
"04-01-2014 09h15";201.68;0;53;0;0;0;
"04-01-2014 09h30";200.68;0;54.9;0;0;0;
"04-01-2014 09h45";196.66;0;54.5;0;0;0;
"04-01-2014 10h00";199.67;0;51.8;0;0;0;
"04-01-2014 10h15";191.65;0;52;0;0;0;
"04-01-2014 10h30";188.64;0;50.7;0;0;0;
"04-01-2014 10h45";196.66;0;51.5;0;0;0;
"04-01-2014 11h00";197.67;0;48.6;0;0;0;
"04-01-2014 11h15";204.69;0;57.3;0;0;0;
"04-01-2014 11h30";197.67;0;55.6;0;0;0;
"04-01-2014 11h45";193.65;0;49.2;0;0;0;
"04-01-2014 12h00";205.69;0;53.4;0;0;0;
"04-01-2014 12h15";191.65;0;54;0;0;0;
"04-01-2014 12h30";210.71;0;56.9;0;0;0;
"04-01-2014 12h45";194.66;0;54.3;0;0;0;
"04-01-2014 13h00";190.65;0;54.9;0;0;0;
"04-01-2014 13h15";187.64;0;53.6;0;0;0;
"04-01-2014 13h30";191.65;0;57;0;0;0;
"04-01-2014 13h45";195.66;0;54.4;0;0;0;
"04-01-2014 14h00";183.62;0;53.2;0;0;0;
"04-01-2014 14h15";178.61;0;49.7;0;0;0;
"04-01-2014 14h30";183.62;0;54.2;0;0;0;
"04-01-2014 14h45";200.68;0;58.9;0;0;0;
"04-01-2014 15h00";182.62;0;44.1;0;0;0;
"04-01-2014 15h15";180.62;0;53.9;0;0;0;
"04-01-2014 15h30";182.62;0;50.1;0;0;0;
"04-01-2014 15h45";189.64;0;51.8;0;0;0;
"04-01-2014 16h00";182.62;0;46.1;0;0;0;
"04-01-2014 16h15";179.61;0;52.8;0;0;0;
"04-01-2014 16h30";183.62;0;54.2;0;0;0;
"04-01-2014 16h45";193.65;0;49.2;0;0;0;
"04-01-2014 17h00";180.62;0;50.9;0;0;0;
"04-01-2014 17h15";188.64;0;48.7;0;0;0;
"04-01-2014 17h30";194.66;0;52.3;0;0;0;
"04-01-2014 17h45";212.71;0;59.1;0;0;0;
"04-01-2014 18h00";203.68;0;60.2;0;0;0;
"04-01-2014 18h15";186.63;0;57.5;0;0;0;
"04-01-2014 18h30";212.71;0;60.1;0;0;0;
"04-01-2014 18h45";206.69;0;64.5;0;0;0;
"04-01-2014 19h00";202.68;0;61.1;0;0;0;
"04-01-2014 19h15";204.69;0;56.3;0;0;0;
"04-01-2014 19h30";189.64;0;57.8;0;0;0;
"04-01-2014 19h45";201.68;0;58;0;0;0;
"04-01-2014 20h00";191.65;0;56;0;0;0;
"04-01-2014 20h15";185.63;0;55.4;0;0;0;
"04-01-2014 20h30";177.61;0;51.6;0;0;0;
"04-01-2014 20h45";177.61;0;49.6;0;0;0;
"04-01-2014 21h00";180.62;0;53.9;0;0;0;
"04-01-2014 21h15";179.61;0;48.8;0;0;0;
"04-01-2014 21h30";172.59;0;52.1;0;0;0;
"04-01-2014 21h45";177.61;0;51.6;0;0;0;
"04-01-2014 22h00";180.62;0;52.9;0;0;0;
"04-01-2014 22h15";165.57;0;52.4;0;0;0;
"04-01-2014 22h30";141.5;0;41;0;0;0;
"04-01-2014 22h45";136.48;0;36.5;0;0;0;
"04-01-2014 23h00";121.17;0;34;0;0;0;
"04-01-2014 23h15";97.15;0;28.6;0;0;0;
"04-01-2014 23h30";82.14;0;26.1;0;0;0;
"04-01-2014 23h45";86.14;0;26.5;0;0;0;
"04-01-2014 00h00";83.14;0;25.2;0;0;0;
"05-01-2014 00h15";78.14;0;23.7;0;0;0;
"05-01-2014 00h30";83.14;0;26.2;0;0;0;
"05-01-2014 00h45";86.14;0;28.5;0;0;0;
"05-01-2014 01h00";80.14;0;26.9;0;0;0;
"05-01-2014 01h15";93.15;0;27.2;0;0;0;
"05-01-2014 01h30";98.15;0;29.7;0;0;0;
"05-01-2014 01h45";98.15;0;28.7;0;0;0;
"05-01-2014 02h00";96.15;0;28.5;0;0;0;
"05-01-2014 02h15";94.15;0;27.3;0;0;0;
"05-01-2014 02h30";91.15;0;24;0;0;0;
"05-01-2014 02h45";104.16;0;28.3;0;0;0;
"05-01-2014 03h00";96.15;0;27.5;0;0;0;
"05-01-2014 03h15";93.15;0;24.2;0;0;0;
"05-01-2014 03h30";96.15;0;27.5;0;0;0;
"05-01-2014 03h45";104.16;0;28.3;0;0;0;
"05-01-2014 04h00";97.15;0;30.6;0;0;0;
"05-01-2014 04h15";94.15;0;24.3;0;0;0;
"05-01-2014 04h30";99.15;0;25.8;0;0;0;
"05-01-2014 04h45";102.16;0;29.1;0;0;0;
"05-01-2014 05h00";99.15;0;26.8;0;0;0;
"05-01-2014 05h15";100.16;0;29.9;0;0;0;
"05-01-2014 05h30";97.15;0;28.6;0;0;0;
"05-01-2014 05h45";108.16;0;27.7;0;0;0;
"05-01-2014 06h00";102.16;0;29.1;0;0;0;
"05-01-2014 06h15";96.15;0;29.5;0;0;0;
"05-01-2014 06h30";102.16;0;29.1;0;0;0;
"05-01-2014 06h45";125.18;0;33.4;0;0;0;
"05-01-2014 07h00";175.6;0;48.4;0;0;0;
"05-01-2014 07h15";187.64;0;50.6;0;0;0;
"05-01-2014 07h30";224.75;0;61.3;0;0;0;
"05-01-2014 07h45";214.72;0;54.3;0;0;0;
"05-01-2014 08h00";203.68;0;54.2;0;0;0;
"05-01-2014 08h15";181.62;0;46;0;0;0;
"05-01-2014 08h30";169.58;0;43.8;0;0;0;
"05-01-2014 08h45";172.59;0;48.1;0;0;0;
"05-01-2014 09h00";174.6;0;48.3;0;0;0;
"05-01-2014 09h15";183.62;0;49.2;0;0;0;
"05-01-2014 09h30";181.62;0;47;0;0;0;
"05-01-2014 09h45";189.64;0;49.8;0;0;0;
"05-01-2014 10h00";197.67;0;49.6;0;0;0;
"05-01-2014 10h15";194.66;0;50.3;0;0;0;
"05-01-2014 10h30";192.65;0;47.1;0;0;0;
"05-01-2014 10h45";199.67;0;49.8;0;0;0;
"05-01-2014 11h00";200.68;0;53.9;0;0;0;
"05-01-2014 11h15";196.66;0;52.5;0;0;0;
"05-01-2014 11h30";193.65;0;53.2;0;0;0;
"05-01-2014 11h45";194.66;0;54.3;0;0;0;
"05-01-2014 12h00";216.72;0;57.5;0;0;0;
"05-01-2014 12h15";211.71;0;55;0;0;0;
"05-01-2014 12h30";202.68;0;58.1;0;0;0;
"05-01-2014 12h45";189.64;0;53.8;0;0;0;
"05-01-2014 13h00";179.61;0;49.8;0;0;0;
"05-01-2014 13h15";191.65;0;54;0;0;0;
"05-01-2014 13h30";187.64;0;51.6;0;0;0;
"05-01-2014 13h45";187.64;0;48.6;0;0;0;
"05-01-2014 14h00";173.59;0;49.2;0;0;0;
"05-01-2014 14h15";166.57;0;48.5;0;0;0;
"05-01-2014 14h30";168.58;0;43.7;0;0;0;
"05-01-2014 14h45";192.65;0;51.1;0;0;0;
"05-01-2014 15h00";190.65;0;54.9;0;0;0;
"05-01-2014 15h15";177.61;0;53.6;0;0;0;
"05-01-2014 15h30";178.61;0;51.7;0;0;0;
"05-01-2014 15h45";188.64;0;48.7;0;0;0;
"05-01-2014 16h00";191.65;0;49;0;0;0;
"05-01-2014 16h15";186.63;0;53.5;0;0;0;
"05-01-2014 16h30";177.61;0;52.6;0;0;0;
"05-01-2014 16h45";176.6;0;40.5;0;0;0;
"05-01-2014 17h00";176.6;0;47.5;0;0;0;
"05-01-2014 17h15";178.61;0;48.7;0;0;0;
"05-01-2014 17h30";171.59;0;44;0;0;0;
"05-01-2014 17h45";192.65;0;49.1;0;0;0;
"05-01-2014 18h00";185.63;0;57.4;0;0;0;
"05-01-2014 18h15";191.65;0;57;0;0;0;
"05-01-2014 18h30";207.7;0;56.6;0;0;0;
"05-01-2014 18h45";194.66;0;58.3;0;0;0;
"05-01-2014 19h00";192.65;0;58.1;0;0;0;
"05-01-2014 19h15";200.68;0;55.9;0;0;0;
"05-01-2014 19h30";197.67;0;58.6;0;0;0;
"05-01-2014 19h45";185.63;0;57.4;0;0;0;
"05-01-2014 20h00";191.65;0;56;0;0;0;
"05-01-2014 20h15";184.63;0;54.3;0;0;0;
"05-01-2014 20h30";177.61;0;47.6;0;0;0;
"05-01-2014 20h45";173.59;0;49.2;0;0;0;
"05-01-2014 21h00";185.63;0;54.4;0;0;0;
"05-01-2014 21h15";177.61;0;51.6;0;0;0;
"05-01-2014 21h30";180.62;0;52.9;0;0;0;
"05-01-2014 21h45";174.6;0;53.3;0;0;0;
"05-01-2014 22h00";177.61;0;52.6;0;0;0;
"05-01-2014 22h15";162.56;0;49.1;0;0;0;
"05-01-2014 22h30";145.51;0;45.4;0;0;0;
"05-01-2014 22h45";140.5;0;40.9;0;0;0;
"05-01-2014 23h00";127.46;0;33.6;0;0;0;
"05-01-2014 23h15";111.16;0;31;0;0;0;
"05-01-2014 23h30";108.16;0;31.7;0;0;0;
"05-01-2014 23h45";111.16;0;29;0;0;0;
"05-01-2014 00h00";92.15;0;30.1;0;0;0;
"06-01-2014 00h15";92.15;0;26.1;0;0;0;
"06-01-2014 00h30";103.16;0;34.2;0;0;0;
"06-01-2014 00h45";91.15;0;25;0;0;0;
"06-01-2014 01h00";90.15;0;27.9;0;0;0;
"06-01-2014 01h15";97.15;0;27.6;0;0;0;
"06-01-2014 01h30";90.15;0;26.9;0;0;0;
"06-01-2014 01h45";91.15;0;27;0;0;0;
"06-01-2014 02h00";93.15;0;25.2;0;0;0;
"06-01-2014 02h15";89.15;0;30.8;0;0;0;
"06-01-2014 02h30";87.14;0;27.6;0;0;0;
"06-01-2014 02h45";102.16;0;31.1;0;0;0;
"06-01-2014 03h00";95.15;0;30.4;0;0;0;
"06-01-2014 03h15";91.15;0;27;0;0;0;
"06-01-2014 03h30";94.15;0;26.3;0;0;0;
"06-01-2014 03h45";99.15;0;28.8;0;0;0;
"06-01-2014 04h00";95.15;0;26.4;0;0;0;
"06-01-2014 04h15";95.15;0;26.4;0;0;0;
"06-01-2014 04h30";88.15;0;27.7;0;0;0;
"06-01-2014 04h45";98.15;0;30.7;0;0;0;
"06-01-2014 05h00";91.15;0;27;0;0;0;
"06-01-2014 05h15";97.15;0;27.6;0;0;0;
"06-01-2014 05h30";93.15;0;28.2;0;0;0;
"06-01-2014 05h45";102.16;0;29.1;0;0;0;
"06-01-2014 06h00";100.16;0;29.9;0;0;0;
"06-01-2014 06h15";93.15;0;26.2;0;0;0;
"06-01-2014 06h30";98.15;0;26.7;0;0;0;
"06-01-2014 06h45";109.16;0;32.8;0;0;0;
"06-01-2014 07h00";145.51;0;39.4;0;0;0;
"06-01-2014 07h15";176.6;0;47.5;0;0;0;
"06-01-2014 07h30";199.67;0;54.8;0;0;0;
"06-01-2014 07h45";190.65;0;52.9;0;0;0;
"06-01-2014 08h00";164.57;0;47.3;0;0;0;
"06-01-2014 08h15";176.6;0;44.5;0;0;0;
"06-01-2014 08h30";182.62;0;46.1;0;0;0;
"06-01-2014 08h45";182.62;0;49.1;0;0;0;
"06-01-2014 09h00";196.66;0;53.5;0;0;0;
"06-01-2014 09h15";201.68;0;53;0;0;0;
"06-01-2014 09h30";194.66;0;56.3;0;0;0;
"06-01-2014 09h45";191.65;0;50;0;0;0;
"06-01-2014 10h00";188.64;0;50.7;0;0;0;
"06-01-2014 10h15";181.62;0;51;0;0;0;
"06-01-2014 10h30";184.63;0;54.3;0;0;0;
"06-01-2014 10h45";198.67;0;53.7;0;0;0;
"06-01-2014 11h00";191.65;0;57;0;0;0;
"06-01-2014 11h15";189.64;0;49.8;0;0;0;
"06-01-2014 11h30";190.65;0;54.9;0;0;0;
"06-01-2014 11h45";187.64;0;53.6;0;0;0;
"06-01-2014 12h00";189.64;0;54.8;0;0;0;
"06-01-2014 12h15";162.56;0;44.1;0;0;0;
"06-01-2014 12h30";181.62;0;52;0;0;0;
"06-01-2014 12h45";177.61;0;48.6;0;0;0;
"06-01-2014 13h00";177.61;0;46.6;0;0;0;
"06-01-2014 13h15";161.56;0;45;0;0;0;
"06-01-2014 13h30";168.58;0;47.7;0;0;0;
"06-01-2014 13h45";178.61;0;51.7;0;0;0;
"06-01-2014 14h00";177.61;0;52.6;0;0;0;
"06-01-2014 14h15";158.55;0;47.7;0;0;0;
"06-01-2014 14h30";169.58;0;49.8;0;0;0;
"06-01-2014 14h45";186.63;0;49.5;0;0;0;
"06-01-2014 15h00";179.61;0;47.8;0;0;0;
"06-01-2014 15h15";175.6;0;52.4;0;0;0;
"06-01-2014 15h30";181.62;0;51;0;0;0;
"06-01-2014 15h45";181.62;0;52;0;0;0;
"06-01-2014 16h00";177.61;0;51.6;0;0;0;
"06-01-2014 16h15";170.59;0;49.9;0;0;0;
"06-01-2014 16h30";165.57;0;46.4;0;0;0;
"06-01-2014 16h45";207.7;0;51.6;0;0;0;
"06-01-2014 17h00";191.65;0;53;0;0;0;
"06-01-2014 17h15";207.7;0;54.6;0;0;0;
"06-01-2014 17h30";211.71;0;59;0;0;0;
"06-01-2014 17h45";218.73;0;63.7;0;0;0;
"06-01-2014 18h00";210.71;0;57.9;0;0;0;
"06-01-2014 18h15";211.71;0;63;0;0;0;
"06-01-2014 18h30";220.74;0;61.9;0;0;0;
"06-01-2014 18h45";213.71;0;56.2;0;0;0;
"06-01-2014 19h00";212.71;0;56.1;0;0;0;
"06-01-2014 19h15";201.68;0;55;0;0;0;
"06-01-2014 19h30";206.69;0;57.5;0;0;0;
"06-01-2014 19h45";213.71;0;58.2;0;0;0;
"06-01-2014 20h00";202.68;0;58.1;0;0;0;
"06-01-2014 20h15";197.67;0;54.6;0;0;0;
"06-01-2014 20h30";183.62;0;48.2;0;0;0;
"06-01-2014 20h45";183.62;0;51.2;0;0;0;
"06-01-2014 21h00";191.65;0;52;0;0;0;
"06-01-2014 21h15";184.63;0;53.3;0;0;0;
"06-01-2014 21h30";182.62;0;50.1;0;0;0;
"06-01-2014 21h45";182.62;0;54.1;0;0;0;
"06-01-2014 22h00";184.63;0;59.3;0;0;0;
"06-01-2014 22h15";174.6;0;53.3;0;0;0;
"06-01-2014 22h30";151.53;0;42;0;0;0;
"06-01-2014 22h45";137.49;0;36.6;0;0;0;
"06-01-2014 23h00";136.48;0;35.5;0;0;0;
"06-01-2014 23h15";125.18;0;38.4;0;0;0;
"06-01-2014 23h30";117.17;0;32.6;0;0;0;
"06-01-2014 23h45";119.17;0;34.8;0;0;0;
"06-01-2014 00h00";105.16;0;30.4;0;0;0;
"07-01-2014 00h15";95.15;0;29.4;0;0;0;
"07-01-2014 00h30";105.16;0;33.4;0;0;0;
"07-01-2014 00h45";102.16;0;35.1;0;0;0;
"07-01-2014 01h00";103.16;0;32.2;0;0;0;
"07-01-2014 01h15";110.16;0;31.9;0;0;0;
"07-01-2014 01h30";110.16;0;29.9;0;0;0;
"07-01-2014 01h45";111.16;0;34;0;0;0;
"07-01-2014 02h00";109.16;0;33.8;0;0;0;
"07-01-2014 02h15";107.16;0;29.6;0;0;0;
"07-01-2014 02h30";104.16;0;30.3;0;0;0;
"07-01-2014 02h45";125.18;0;35.4;0;0;0;
"07-01-2014 03h00";113.17;0;33.2;0;0;0;
"07-01-2014 03h15";111.16;0;34;0;0;0;
"07-01-2014 03h30";108.16;0;33.7;0;0;0;
"07-01-2014 03h45";122.17;0;37.1;0;0;0;
"07-01-2014 04h00";109.16;0;34.8;0;0;0;
"07-01-2014 04h15";102.16;0;30.1;0;0;0;
"07-01-2014 04h30";110.16;0;31.9;0;0;0;
"07-01-2014 04h45";118.17;0;34.7;0;0;0;
"07-01-2014 05h00";108.16;0;31.7;0;0;0;
"07-01-2014 05h15";110.16;0;33.9;0;0;0;
"07-01-2014 05h30";110.16;0;32.9;0;0;0;
"07-01-2014 05h45";120.17;0;35.9;0;0;0;
"07-01-2014 06h00";111.16;0;37;0;0;0;
"07-01-2014 06h15";107.16;0;30.6;0;0;0;
"07-01-2014 06h30";116.17;0;33.5;0;0;0;
"07-01-2014 06h45";120.17;0;36.9;0;0;0;
"07-01-2014 07h00";145.51;0;38.4;0;0;0;
"07-01-2014 07h15";207.7;0;58.6;0;0;0;
"07-01-2014 07h30";208.7;0;55.7;0;0;0;
"07-01-2014 07h45";201.68;0;55;0;0;0;
"07-01-2014 08h00";189.64;0;58.8;0;0;0;
"07-01-2014 08h15";188.64;0;52.7;0;0;0;
"07-01-2014 08h30";177.61;0;51.6;0;0;0;
"07-01-2014 08h45";178.61;0;51.7;0;0;0;
"07-01-2014 09h00";173.59;0;50.2;0;0;0;
"07-01-2014 09h15";188.64;0;50.7;0;0;0;
"07-01-2014 09h30";202.68;0;53.1;0;0;0;
"07-01-2014 09h45";194.66;0;56.3;0;0;0;
"07-01-2014 10h00";190.65;0;50.9;0;0;0;
"07-01-2014 10h15";201.68;0;55;0;0;0;
"07-01-2014 10h30";201.68;0;53;0;0;0;
"07-01-2014 10h45";197.67;0;53.6;0;0;0;
"07-01-2014 11h00";195.66;0;51.4;0;0;0;
"07-01-2014 11h15";197.67;0;51.6;0;0;0;
"07-01-2014 11h30";190.65;0;47.9;0;0;0;
"07-01-2014 11h45";188.64;0;50.7;0;0;0;
"07-01-2014 12h00";198.67;0;52.7;0;0;0;
"07-01-2014 12h15";174.6;0;51.3;0;0;0;
"07-01-2014 12h30";193.65;0;58.2;0;0;0;
"07-01-2014 12h45";178.61;0;51.7;0;0;0;
"07-01-2014 13h00";177.61;0;51.6;0;0;0;
"07-01-2014 13h15";188.64;0;53.7;0;0;0;
"07-01-2014 13h30";190.65;0;56.9;0;0;0;
"07-01-2014 13h45";199.67;0;57.8;0;0;0;
"07-01-2014 14h00";189.64;0;55.8;0;0;0;
"07-01-2014 14h15";184.63;0;53.3;0;0;0;
"07-01-2014 14h30";169.58;0;48.8;0;0;0;
"07-01-2014 14h45";190.65;0;49.9;0;0;0;
"07-01-2014 15h00";185.63;0;48.4;0;0;0;
"07-01-2014 15h15";198.67;0;53.7;0;0;0;
"07-01-2014 15h30";191.65;0;54;0;0;0;
"07-01-2014 15h45";200.68;0;50.9;0;0;0;
"07-01-2014 16h00";200.68;0;51.9;0;0;0;
"07-01-2014 16h15";192.65;0;47.1;0;0;0;
"07-01-2014 16h30";188.64;0;45.7;0;0;0;
"07-01-2014 16h45";192.65;0;55.1;0;0;0;
"07-01-2014 17h00";191.65;0;49;0;0;0;
"07-01-2014 17h15";190.65;0;50.9;0;0;0;
"07-01-2014 17h30";209.7;0;56.8;0;0;0;
"07-01-2014 17h45";214.72;0;62.3;0;0;0;
"07-01-2014 18h00";209.7;0;59.8;0;0;0;
"07-01-2014 18h15";209.7;0;56.8;0;0;0;
"07-01-2014 18h30";215.72;0;57.4;0;0;0;
"07-01-2014 18h45";208.7;0;58.7;0;0;0;
"07-01-2014 19h00";188.64;0;49.7;0;0;0;
"07-01-2014 19h15";194.66;0;54.3;0;0;0;
"07-01-2014 19h30";197.67;0;53.6;0;0;0;
"07-01-2014 19h45";201.68;0;57;0;0;0;
"07-01-2014 20h00";201.68;0;55;0;0;0;
"07-01-2014 20h15";185.63;0;47.4;0;0;0;
"07-01-2014 20h30";190.65;0;51.9;0;0;0;
"07-01-2014 20h45";186.63;0;51.5;0;0;0;
"07-01-2014 21h00";184.63;0;44.3;0;0;0;
"07-01-2014 21h15";181.62;0;52;0;0;0;
"07-01-2014 21h30";179.61;0;48.8;0;0;0;
"07-01-2014 21h45";184.63;0;52.3;0;0;0;
"07-01-2014 22h00";187.64;0;52.6;0;0;0;
"07-01-2014 22h15";162.56;0;47.1;0;0;0;
"07-01-2014 22h30";138.49;0;36.7;0;0;0;
"07-01-2014 22h45";137.49;0;37.6;0;0;0;
"07-01-2014 23h00";136.48;0;34.5;0;0;0;
"07-01-2014 23h15";114.17;0;35.3;0;0;0;
"07-01-2014 23h30";117.17;0;27.6;0;0;0;
"07-01-2014 23h45";112.16;0;30.1;0;0;0;
"07-01-2014 00h00";106.16;0;33.5;0;0;0;
"08-01-2014 00h15";95.15;0;25.4;0;0;0;
"08-01-2014 00h30";106.16;0;30.5;0;0;0;
"08-01-2014 00h45";97.15;0;25.6;0;0;0;
"08-01-2014 01h00";94.15;0;28.3;0;0;0;
"08-01-2014 01h15";103.16;0;30.2;0;0;0;
"08-01-2014 01h30";107.16;0;29.6;0;0;0;
"08-01-2014 01h45";113.17;0;32.2;0;0;0;
"08-01-2014 02h00";108.16;0;28.7;0;0;0;
"08-01-2014 02h15";112.16;0;35.1;0;0;0;
"08-01-2014 02h30";109.16;0;30.8;0;0;0;
"08-01-2014 02h45";123.17;0;27.2;0;0;0;
"08-01-2014 03h00";111.16;0;27;0;0;0;
"08-01-2014 03h15";110.16;0;28.9;0;0;0;
"08-01-2014 03h30";110.16;0;30.9;0;0;0;
"08-01-2014 03h45";122.17;0;30.1;0;0;0;
"08-01-2014 04h00";112.16;0;31.1;0;0;0;
"08-01-2014 04h15";106.16;0;31.5;0;0;0;
"08-01-2014 04h30";112.16;0;32.1;0;0;0;
"08-01-2014 04h45";114.17;0;28.3;0;0;0;
"08-01-2014 05h00";107.16;0;27.6;0;0;0;
"08-01-2014 05h15";111.16;0;29;0;0;0;
"08-01-2014 05h30";109.16;0;26.8;0;0;0;
"08-01-2014 05h45";116.17;0;34.5;0;0;0;
"08-01-2014 06h00";111.16;0;31;0;0;0;
"08-01-2014 06h15";108.16;0;28.7;0;0;0;
"08-01-2014 06h30";115.17;0;29.4;0;0;0;
"08-01-2014 06h45";123.17;0;33.2;0;0;0;
"08-01-2014 07h00";179.61;0;50.8;0;0;0;
"08-01-2014 07h15";224.75;0;64.3;0;0;0;
"08-01-2014 07h30";201.68;0;59;0;0;0;
"08-01-2014 07h45";215.72;0;61.4;0;0;0;
"08-01-2014 08h00";186.63;0;50.5;0;0;0;
"08-01-2014 08h15";160.56;0;44.9;0;0;0;
"08-01-2014 08h30";164.57;0;46.3;0;0;0;
"08-01-2014 08h45";185.63;0;51.4;0;0;0;
"08-01-2014 09h00";183.62;0;46.2;0;0;0;
"08-01-2014 09h15";190.65;0;49.9;0;0;0;
"08-01-2014 09h30";189.64;0;50.8;0;0;0;
"08-01-2014 09h45";180.62;0;43.9;0;0;0;
"08-01-2014 10h00";180.62;0;45.9;0;0;0;
"08-01-2014 10h15";177.61;0;44.6;0;0;0;
"08-01-2014 10h30";190.65;0;54.9;0;0;0;
"08-01-2014 10h45";199.67;0;50.8;0;0;0;
"08-01-2014 11h00";190.65;0;47.9;0;0;0;
"08-01-2014 11h15";182.62;0;50.1;0;0;0;
"08-01-2014 11h30";178.61;0;49.7;0;0;0;
"08-01-2014 11h45";179.61;0;50.8;0;0;0;
"08-01-2014 12h00";174.6;0;46.3;0;0;0;
"08-01-2014 12h15";168.58;0;44.7;0;0;0;
"08-01-2014 12h30";194.66;0;53.3;0;0;0;
"08-01-2014 12h45";183.62;0;45.2;0;0;0;
"08-01-2014 13h00";178.61;0;47.7;0;0;0;
"08-01-2014 13h15";173.59;0;46.2;0;0;0;
"08-01-2014 13h30";172.59;0;46.1;0;0;0;
"08-01-2014 13h45";186.63;0;50.5;0;0;0;
"08-01-2014 14h00";181.62;0;51;0;0;0;
"08-01-2014 14h15";168.58;0;46.7;0;0;0;
"08-01-2014 14h30";172.59;0;51.1;0;0;0;
"08-01-2014 14h45";184.63;0;48.3;0;0;0;
"08-01-2014 15h00";184.63;0;50.3;0;0;0;
"08-01-2014 15h15";180.62;0;45.9;0;0;0;
"08-01-2014 15h30";181.62;0;51;0;0;0;
"08-01-2014 15h45";188.64;0;47.7;0;0;0;
"08-01-2014 16h00";187.64;0;44.6;0;0;0;
"08-01-2014 16h15";176.6;0;49.5;0;0;0;
"08-01-2014 16h30";174.6;0;44.3;0;0;0;
"08-01-2014 16h45";190.65;0;44.9;0;0;0;
"08-01-2014 17h00";196.66;0;51.5;0;0;0;
"08-01-2014 17h15";184.63;0;43.3;0;0;0;
"08-01-2014 17h30";179.61;0;47.8;0;0;0;
"08-01-2014 17h45";203.68;0;52.2;0;0;0;
"08-01-2014 18h00";202.68;0;58.1;0;0;0;
"08-01-2014 18h15";208.7;0;55.7;0;0;0;
"08-01-2014 18h30";213.71;0;55.2;0;0;0;
"08-01-2014 18h45";204.69;0;53.3;0;0;0;
"08-01-2014 19h00";191.65;0;51;0;0;0;
"08-01-2014 19h15";197.67;0;49.6;0;0;0;
"08-01-2014 19h30";198.67;0;55.7;0;0;0;
"08-01-2014 19h45";211.71;0;58;0;0;0;
"08-01-2014 20h00";198.67;0;50.7;0;0;0;
"08-01-2014 20h15";191.65;0;51;0;0;0;
"08-01-2014 20h30";182.62;0;51.1;0;0;0;
"08-01-2014 20h45";190.65;0;52.9;0;0;0;
"08-01-2014 21h00";186.63;0;52.5;0;0;0;
"08-01-2014 21h15";184.63;0;53.3;0;0;0;
"08-01-2014 21h30";180.62;0;49.9;0;0;0;
"08-01-2014 21h45";177.61;0;50.6;0;0;0;
"08-01-2014 22h00";186.63;0;56.5;0;0;0;
"08-01-2014 22h15";164.57;0;48.3;0;0;0;
"08-01-2014 22h30";157.55;0;45.6;0;0;0;
"08-01-2014 22h45";133.47;0;35.2;0;0;0;
"08-01-2014 23h00";128.46;0;35.7;0;0;0;
"08-01-2014 23h15";102.16;0;31.1;0;0;0;
"08-01-2014 23h30";99.15;0;26.8;0;0;0;
"08-01-2014 23h45";95.15;0;28.4;0;0;0;
"08-01-2014 00h00";83.14;0;29.2;0;0;0;
"09-01-2014 00h15";81.14;0;23;0;0;0;
"09-01-2014 00h30";86.14;0;23.5;0;0;0;
"09-01-2014 00h45";87.14;0;26.6;0;0;0;
"09-01-2014 01h00";84.14;0;25.3;0;0;0;
"09-01-2014 01h15";88.15;0;29.7;0;0;0;
"09-01-2014 01h30";94.15;0;26.3;0;0;0;
"09-01-2014 01h45";95.15;0;26.4;0;0;0;
"09-01-2014 02h00";90.15;0;23.9;0;0;0;
"09-01-2014 02h15";91.15;0;27;0;0;0;
"09-01-2014 02h30";89.15;0;24.8;0;0;0;
"09-01-2014 02h45";107.16;0;29.6;0;0;0;
"09-01-2014 03h00";94.15;0;24.3;0;0;0;
"09-01-2014 03h15";91.15;0;24;0;0;0;
"09-01-2014 03h30";93.15;0;23.2;0;0;0;
"09-01-2014 03h45";108.16;0;30.7;0;0;0;
"09-01-2014 04h00";92.15;0;25.1;0;0;0;
"09-01-2014 04h15";99.15;0;25.8;0;0;0;
"09-01-2014 04h30";92.15;0;24.1;0;0;0;
"09-01-2014 04h45";103.16;0;26.2;0;0;0;
"09-01-2014 05h00";90.15;0;23.9;0;0;0;
"09-01-2014 05h15";95.15;0;19.4;0;0;0;
"09-01-2014 05h30";92.15;0;25.1;0;0;0;
"09-01-2014 05h45";103.16;0;27.2;0;0;0;
"09-01-2014 06h00";96.15;0;26.5;0;0;0;
"09-01-2014 06h15";91.15;0;20;0;0;0;
"09-01-2014 06h30";100.16;0;21.9;0;0;0;
"09-01-2014 06h45";112.16;0;29.1;0;0;0;
"09-01-2014 07h00";141.5;0;38;0;0;0;
"09-01-2014 07h15";173.59;0;49.2;0;0;0;
"09-01-2014 07h30";194.66;0;55.3;0;0;0;
"09-01-2014 07h45";211.71;0;60;0;0;0;
"09-01-2014 08h00";196.66;0;52.5;0;0;0;
"09-01-2014 08h15";172.59;0;50.1;0;0;0;
"09-01-2014 08h30";181.62;0;49;0;0;0;
"09-01-2014 08h45";181.62;0;51;0;0;0;
"09-01-2014 09h00";182.62;0;51.1;0;0;0;
"09-01-2014 09h15";185.63;0;52.4;0;0;0;
"09-01-2014 09h30";191.65;0;49;0;0;0;
"09-01-2014 09h45";181.62;0;51;0;0;0;
"09-01-2014 10h00";188.64;0;52.7;0;0;0;
"09-01-2014 10h15";190.65;0;46.9;0;0;0;
"09-01-2014 10h30";182.62;0;47.1;0;0;0;
"09-01-2014 10h45";181.62;0;45;0;0;0;
"09-01-2014 11h00";188.64;0;53.7;0;0;0;
"09-01-2014 11h15";185.63;0;48.4;0;0;0;
"09-01-2014 11h30";188.64;0;53.7;0;0;0;
"09-01-2014 11h45";193.65;0;49.2;0;0;0;
"09-01-2014 12h00";175.6;0;48.4;0;0;0;
"09-01-2014 12h15";164.57;0;43.3;0;0;0;
"09-01-2014 12h30";195.66;0;51.4;0;0;0;
"09-01-2014 12h45";184.63;0;50.3;0;0;0;
"09-01-2014 13h00";173.59;0;49.2;0;0;0;
"09-01-2014 13h15";174.6;0;48.3;0;0;0;
"09-01-2014 13h30";175.6;0;48.4;0;0;0;
"09-01-2014 13h45";164.57;0;46.3;0;0;0;
"09-01-2014 14h00";166.57;0;47.5;0;0;0;
"09-01-2014 14h15";170.59;0;46.9;0;0;0;
"09-01-2014 14h30";172.59;0;48.1;0;0;0;
"09-01-2014 14h45";188.64;0;53.7;0;0;0;
"09-01-2014 15h00";179.61;0;45.8;0;0;0;
"09-01-2014 15h15";187.64;0;49.6;0;0;0;
"09-01-2014 15h30";177.61;0;45.6;0;0;0;
"09-01-2014 15h45";175.6;0;43.4;0;0;0;
"09-01-2014 16h00";179.61;0;42.8;0;0;0;
"09-01-2014 16h15";171.59;0;48;0;0;0;
"09-01-2014 16h30";172.59;0;48.1;0;0;0;
"09-01-2014 16h45";179.61;0;43.8;0;0;0;
"09-01-2014 17h00";178.61;0;45.7;0;0;0;
"09-01-2014 17h15";179.61;0;52.8;0;0;0;
"09-01-2014 17h30";180.62;0;46.9;0;0;0;
"09-01-2014 17h45";197.67;0;53.6;0;0;0;
"09-01-2014 18h00";200.68;0;52.9;0;0;0;
"09-01-2014 18h15";212.71;0;55.1;0;0;0;
"09-01-2014 18h30";220.74;0;57.9;0;0;0;
"09-01-2014 18h45";205.69;0;52.4;0;0;0;
"09-01-2014 19h00";200.68;0;57.9;0;0;0;
"09-01-2014 19h15";198.67;0;54.7;0;0;0;
"09-01-2014 19h30";199.67;0;57.8;0;0;0;
"09-01-2014 19h45";210.71;0;58.9;0;0;0;
"09-01-2014 20h00";199.67;0;55.8;0;0;0;
"09-01-2014 20h15";192.65;0;51.1;0;0;0;
"09-01-2014 20h30";188.64;0;52.7;0;0;0;
"09-01-2014 20h45";180.62;0;51.9;0;0;0;
"09-01-2014 21h00";176.6;0;49.5;0;0;0;
"09-01-2014 21h15";179.61;0;50.8;0;0;0;
"09-01-2014 21h30";174.6;0;47.3;0;0;0;
"09-01-2014 21h45";182.62;0;52.1;0;0;0;
"09-01-2014 22h00";183.62;0;53.2;0;0;0;
"09-01-2014 22h15";170.59;0;46.9;0;0;0;
"09-01-2014 22h30";151.53;0;42;0;0;0;
"09-01-2014 22h45";139.49;0;38.8;0;0;0;
"09-01-2014 23h00";123.17;0;35.2;0;0;0;
"09-01-2014 23h15";105.16;0;28.4;0;0;0;
"09-01-2014 23h30";102.16;0;32.1;0;0;0;
"09-01-2014 23h45";103.16;0;30.2;0;0;0;
"09-01-2014 00h00";91.15;0;27;0;0;0;
"10-01-2014 00h15";88.15;0;27.7;0;0;0;
"10-01-2014 00h30";84.14;0;24.3;0;0;0;
"10-01-2014 00h45";88.15;0;26.7;0;0;0;
"10-01-2014 01h00";85.14;0;23.4;0;0;0;
"10-01-2014 01h15";98.15;0;31.7;0;0;0;
"10-01-2014 01h30";99.15;0;26.8;0;0;0;
"10-01-2014 01h45";102.16;0;31.1;0;0;0;
"10-01-2014 02h00";100.16;0;30.9;0;0;0;
"10-01-2014 02h15";95.15;0;31.4;0;0;0;
"10-01-2014 02h30";95.15;0;27.4;0;0;0;
"10-01-2014 02h45";111.16;0;33;0;0;0;
"10-01-2014 03h00";102.16;0;28.1;0;0;0;
"10-01-2014 03h15";103.16;0;25.2;0;0;0;
"10-01-2014 03h30";91.15;0;27;0;0;0;
"10-01-2014 03h45";105.16;0;27.4;0;0;0;
"10-01-2014 04h00";94.15;0;25.3;0;0;0;
"10-01-2014 04h15";95.15;0;27.4;0;0;0;
"10-01-2014 04h30";98.15;0;26.7;0;0;0;
"10-01-2014 04h45";107.16;0;30.6;0;0;0;
"10-01-2014 05h00";101.16;0;30;0;0;0;
"10-01-2014 05h15";99.15;0;28.8;0;0;0;
"10-01-2014 05h30";99.15;0;26.8;0;0;0;
"10-01-2014 05h45";110.16;0;29.9;0;0;0;
"10-01-2014 06h00";95.15;0;24.4;0;0;0;
"10-01-2014 06h15";97.15;0;26.6;0;0;0;
"10-01-2014 06h30";107.16;0;27.6;0;0;0;
"10-01-2014 06h45";112.16;0;33.1;0;0;0;
"10-01-2014 07h00";127.46;0;31.6;0;0;0;
"10-01-2014 07h15";209.7;0;54.8;0;0;0;
"10-01-2014 07h30";185.63;0;52.4;0;0;0;
"10-01-2014 07h45";203.68;0;57.2;0;0;0;
"10-01-2014 08h00";205.69;0;55.4;0;0;0;
"10-01-2014 08h15";179.61;0;48.8;0;0;0;
"10-01-2014 08h30";175.6;0;47.4;0;0;0;
"10-01-2014 08h45";179.61;0;50.8;0;0;0;
"10-01-2014 09h00";192.65;0;54.1;0;0;0;
"10-01-2014 09h15";199.67;0;56.8;0;0;0;
"10-01-2014 09h30";182.62;0;53.1;0;0;0;
"10-01-2014 09h45";180.62;0;53.9;0;0;0;
"10-01-2014 10h00";191.65;0;53;0;0;0;
"10-01-2014 10h15";190.65;0;53.9;0;0;0;
"10-01-2014 10h30";201.68;0;53;0;0;0;
"10-01-2014 10h45";187.64;0;49.6;0;0;0;
"10-01-2014 11h00";187.64;0;49.6;0;0;0;
"10-01-2014 11h15";191.65;0;54;0;0;0;
"10-01-2014 11h30";196.66;0;56.5;0;0;0;
"10-01-2014 11h45";190.65;0;52.9;0;0;0;
"10-01-2014 12h00";184.63;0;48.3;0;0;0;
"10-01-2014 12h15";171.59;0;50;0;0;0;
"10-01-2014 12h30";178.61;0;50.7;0;0;0;
"10-01-2014 12h45";185.63;0;51.4;0;0;0;
"10-01-2014 13h00";179.61;0;50.8;0;0;0;
"10-01-2014 13h15";163.56;0;45.2;0;0;0;
"10-01-2014 13h30";171.59;0;50;0;0;0;
"10-01-2014 13h45";176.6;0;51.5;0;0;0;
"10-01-2014 14h00";170.59;0;49.9;0;0;0;
"10-01-2014 14h15";170.59;0;49.9;0;0;0;
"10-01-2014 14h30";188.64;0;52.7;0;0;0;
"10-01-2014 14h45";205.69;0;56.4;0;0;0;
"10-01-2014 15h00";188.64;0;49.7;0;0;0;
"10-01-2014 15h15";178.61;0;45.7;0;0;0;
"10-01-2014 15h30";175.6;0;48.4;0;0;0;
"10-01-2014 15h45";180.62;0;45.9;0;0;0;
"10-01-2014 16h00";175.6;0;44.4;0;0;0;
"10-01-2014 16h15";167.58;0;46.6;0;0;0;
"10-01-2014 16h30";168.58;0;46.7;0;0;0;
"10-01-2014 16h45";177.61;0;45.6;0;0;0;
"10-01-2014 17h00";186.63;0;42.5;0;0;0;
"10-01-2014 17h15";182.62;0;44.1;0;0;0;
"10-01-2014 17h30";187.64;0;44.6;0;0;0;
"10-01-2014 17h45";206.69;0;53.5;0;0;0;
"10-01-2014 18h00";198.67;0;56.7;0;0;0;
"10-01-2014 18h15";209.7;0;53.8;0;0;0;
"10-01-2014 18h30";219.73;0;57.8;0;0;0;
"10-01-2014 18h45";188.64;0;51.7;0;0;0;
"10-01-2014 19h00";190.65;0;50.9;0;0;0;
"10-01-2014 19h15";206.69;0;52.5;0;0;0;
"10-01-2014 19h30";216.72;0;57.5;0;0;0;
"10-01-2014 19h45";197.67;0;57.6;0;0;0;
"10-01-2014 20h00";201.68;0;58;0;0;0;
"10-01-2014 20h15";181.62;0;51;0;0;0;
"10-01-2014 20h30";185.63;0;53.4;0;0;0;
"10-01-2014 20h45";179.61;0;50.8;0;0;0;
"10-01-2014 21h00";188.64;0;51.7;0;0;0;
"10-01-2014 21h15";182.62;0;51.1;0;0;0;
"10-01-2014 21h30";182.62;0;49.1;0;0;0;
"10-01-2014 21h45";178.61;0;48.7;0;0;0;
"10-01-2014 22h00";182.62;0;51.1;0;0;0;
"10-01-2014 22h15";167.58;0;46.6;0;0;0;
"10-01-2014 22h30";147.52;0;39.6;0;0;0;
"10-01-2014 22h45";137.49;0;39.6;0;0;0;
"10-01-2014 23h00";119.17;0;29.8;0;0;0;
"10-01-2014 23h15";99.15;0;25.8;0;0;0;
"10-01-2014 23h30";99.15;0;32.8;0;0;0;
"10-01-2014 23h45";95.15;0;29.4;0;0;0;
"10-01-2014 00h00";89.15;0;27.8;0;0;0;
"11-01-2014 00h15";86.14;0;20.5;0;0;0;
"11-01-2014 00h30";88.15;0;24.7;0;0;0;
"11-01-2014 00h45";83.14;0;24.2;0;0;0;
"11-01-2014 01h00";84.14;0;25.3;0;0;0;
"11-01-2014 01h15";89.15;0;26.8;0;0;0;
"11-01-2014 01h30";98.15;0;28.7;0;0;0;
"11-01-2014 01h45";93.15;0;28.2;0;0;0;
"11-01-2014 02h00";95.15;0;28.4;0;0;0;
"11-01-2014 02h15";99.15;0;27.8;0;0;0;
"11-01-2014 02h30";97.15;0;30.6;0;0;0;
"11-01-2014 02h45";108.16;0;30.7;0;0;0;
"11-01-2014 03h00";102.16;0;32.1;0;0;0;
"11-01-2014 03h15";100.16;0;28.9;0;0;0;
"11-01-2014 03h30";95.15;0;27.4;0;0;0;
"11-01-2014 03h45";106.16;0;28.5;0;0;0;
"11-01-2014 04h00";102.16;0;24.1;0;0;0;
"11-01-2014 04h15";96.15;0;28.5;0;0;0;
"11-01-2014 04h30";100.16;0;28.9;0;0;0;
"11-01-2014 04h45";103.16;0;31.2;0;0;0;
"11-01-2014 05h00";99.15;0;25.8;0;0;0;
"11-01-2014 05h15";99.15;0;29.8;0;0;0;
"11-01-2014 05h30";94.15;0;26.3;0;0;0;
"11-01-2014 05h45";109.16;0;34.8;0;0;0;
"11-01-2014 06h00";98.15;0;26.7;0;0;0;
"11-01-2014 06h15";98.15;0;27.7;0;0;0;
"11-01-2014 06h30";102.16;0;27.1;0;0;0;
"11-01-2014 06h45";114.17;0;28.3;0;0;0;
"11-01-2014 07h00";134.48;0;32.3;0;0;0;
"11-01-2014 07h15";211.71;0;52;0;0;0;
"11-01-2014 07h30";197.67;0;55.6;0;0;0;
"11-01-2014 07h45";208.7;0;58.7;0;0;0;
"11-01-2014 08h00";199.67;0;53.8;0;0;0;
"11-01-2014 08h15";179.61;0;46.8;0;0;0;
"11-01-2014 08h30";183.62;0;50.2;0;0;0;
"11-01-2014 08h45";194.66;0;51.3;0;0;0;
"11-01-2014 09h00";200.68;0;49.9;0;0;0;
"11-01-2014 09h15";194.66;0;50.3;0;0;0;
"11-01-2014 09h30";185.63;0;47.4;0;0;0;
"11-01-2014 09h45";193.65;0;48.2;0;0;0;
"11-01-2014 10h00";196.66;0;54.5;0;0;0;
"11-01-2014 10h15";191.65;0;54;0;0;0;
"11-01-2014 10h30";183.62;0;46.2;0;0;0;
"11-01-2014 10h45";191.65;0;51;0;0;0;
"11-01-2014 11h00";181.62;0;53;0;0;0;
"11-01-2014 11h15";186.63;0;49.5;0;0;0;
"11-01-2014 11h30";197.67;0;52.6;0;0;0;
"11-01-2014 11h45";200.68;0;51.9;0;0;0;
"11-01-2014 12h00";204.69;0;59.3;0;0;0;
"11-01-2014 12h15";199.67;0;50.8;0;0;0;
"11-01-2014 12h30";203.68;0;56.2;0;0;0;
"11-01-2014 12h45";190.65;0;51.9;0;0;0;
"11-01-2014 13h00";170.59;0;47.9;0;0;0;
"11-01-2014 13h15";180.62;0;48.9;0;0;0;
"11-01-2014 13h30";176.6;0;49.5;0;0;0;
"11-01-2014 13h45";179.61;0;48.8;0;0;0;
"11-01-2014 14h00";169.58;0;47.8;0;0;0;
"11-01-2014 14h15";167.58;0;48.6;0;0;0;
"11-01-2014 14h30";168.58;0;46.7;0;0;0;
"11-01-2014 14h45";193.65;0;54.2;0;0;0;
"11-01-2014 15h00";177.61;0;51.6;0;0;0;
"11-01-2014 15h15";181.62;0;49;0;0;0;
"11-01-2014 15h30";179.61;0;49.8;0;0;0;
"11-01-2014 15h45";198.67;0;49.7;0;0;0;
"11-01-2014 16h00";189.64;0;51.8;0;0;0;
"11-01-2014 16h15";173.59;0;48.2;0;0;0;
"11-01-2014 16h30";195.66;0;53.4;0;0;0;
"11-01-2014 16h45";207.7;0;46.6;0;0;0;
"11-01-2014 17h00";195.66;0;54.4;0;0;0;
"11-01-2014 17h15";187.64;0;48.6;0;0;0;
"11-01-2014 17h30";180.62;0;52.9;0;0;0;
"11-01-2014 17h45";208.7;0;57.7;0;0;0;
"11-01-2014 18h00";200.68;0;48.9;0;0;0;
"11-01-2014 18h15";216.72;0;57.5;0;0;0;
"11-01-2014 18h30";219.73;0;58.8;0;0;0;
"11-01-2014 18h45";208.7;0;54.7;0;0;0;
"11-01-2014 19h00";199.67;0;56.8;0;0;0;
"11-01-2014 19h15";210.71;0;54.9;0;0;0;
"11-01-2014 19h30";206.69;0;56.5;0;0;0;
"11-01-2014 19h45";207.7;0;54.6;0;0;0;
"11-01-2014 20h00";193.65;0;56.2;0;0;0;
"11-01-2014 20h15";191.65;0;52;0;0;0;
"11-01-2014 20h30";181.62;0;52;0;0;0;
"11-01-2014 20h45";190.65;0;49.9;0;0;0;
"11-01-2014 21h00";185.63;0;53.4;0;0;0;
"11-01-2014 21h15";181.62;0;51;0;0;0;
"11-01-2014 21h30";181.62;0;51;0;0;0;
"11-01-2014 21h45";182.62;0;55.1;0;0;0;
"11-01-2014 22h00";181.62;0;52;0;0;0;
"11-01-2014 22h15";172.59;0;45.1;0;0;0;
"11-01-2014 22h30";161.56;0;48;0;0;0;
"11-01-2014 22h45";150.53;0;41.9;0;0;0;
"11-01-2014 23h00";146.51;0;39.5;0;0;0;
"11-01-2014 23h15";115.17;0;33.4;0;0;0;
"11-01-2014 23h30";103.16;0;31.2;0;0;0;
"11-01-2014 23h45";101.16;0;28;0;0;0;
"11-01-2014 00h00";99.15;0;24.8;0;0;0;
"12-01-2014 00h15";90.15;0;25.9;0;0;0;
"12-01-2014 00h30";92.15;0;24.1;0;0;0;
"12-01-2014 00h45";97.15;0;29.6;0;0;0;
"12-01-2014 01h00";92.15;0;25.1;0;0;0;
"12-01-2014 01h15";107.16;0;30.6;0;0;0;
"12-01-2014 01h30";107.16;0;28.6;0;0;0;
"12-01-2014 01h45";107.16;0;30.6;0;0;0;
"12-01-2014 02h00";110.16;0;30.9;0;0;0;
"12-01-2014 02h15";106.16;0;28.5;0;0;0;
"12-01-2014 02h30";105.16;0;30.4;0;0;0;
"12-01-2014 02h45";115.17;0;30.4;0;0;0;
"12-01-2014 03h00";111.16;0;31;0;0;0;
"12-01-2014 03h15";105.16;0;31.4;0;0;0;
"12-01-2014 03h30";104.16;0;29.3;0;0;0;
"12-01-2014 03h45";112.16;0;31.1;0;0;0;
"12-01-2014 04h00";110.16;0;27.9;0;0;0;
"12-01-2014 04h15";108.16;0;29.7;0;0;0;
"12-01-2014 04h30";102.16;0;28.1;0;0;0;
"12-01-2014 04h45";113.17;0;25.2;0;0;0;
"12-01-2014 05h00";107.16;0;28.6;0;0;0;
"12-01-2014 05h15";106.16;0;29.5;0;0;0;
"12-01-2014 05h30";110.16;0;30.9;0;0;0;
"12-01-2014 05h45";114.17;0;30.3;0;0;0;
"12-01-2014 06h00";109.16;0;26.8;0;0;0;
"12-01-2014 06h15";108.16;0;27.7;0;0;0;
"12-01-2014 06h30";105.16;0;25.4;0;0;0;
"12-01-2014 06h45";140.5;0;37.9;0;0;0;
"12-01-2014 07h00";129.46;0;35.8;0;0;0;
"12-01-2014 07h15";204.69;0;56.3;0;0;0;
"12-01-2014 07h30";207.7;0;57.6;0;0;0;
"12-01-2014 07h45";195.66;0;57.4;0;0;0;
"12-01-2014 08h00";201.68;0;55;0;0;0;
"12-01-2014 08h15";213.71;0;52.2;0;0;0;
"12-01-2014 08h30";186.63;0;51.5;0;0;0;
"12-01-2014 08h45";192.65;0;48.1;0;0;0;
"12-01-2014 09h00";184.63;0;46.3;0;0;0;
"12-01-2014 09h15";193.65;0;50.2;0;0;0;
"12-01-2014 09h30";186.63;0;50.5;0;0;0;
"12-01-2014 09h45";183.62;0;52.2;0;0;0;
"12-01-2014 10h00";183.62;0;49.2;0;0;0;
"12-01-2014 10h15";185.63;0;50.4;0;0;0;
"12-01-2014 10h30";184.63;0;47.3;0;0;0;
"12-01-2014 10h45";184.63;0;39.3;0;0;0;
"12-01-2014 11h00";188.64;0;50.7;0;0;0;
"12-01-2014 11h15";193.65;0;43.2;0;0;0;
"12-01-2014 11h30";196.66;0;50.5;0;0;0;
"12-01-2014 11h45";195.66;0;50.4;0;0;0;
"12-01-2014 12h00";190.65;0;52.9;0;0;0;
"12-01-2014 12h15";186.63;0;51.5;0;0;0;
"12-01-2014 12h30";191.65;0;49;0;0;0;
"12-01-2014 12h45";183.62;0;49.2;0;0;0;
"12-01-2014 13h00";179.61;0;50.8;0;0;0;
"12-01-2014 13h15";189.64;0;52.8;0;0;0;
"12-01-2014 13h30";183.62;0;52.2;0;0;0;
"12-01-2014 13h45";187.64;0;48.6;0;0;0;
"12-01-2014 14h00";178.61;0;53.7;0;0;0;
"12-01-2014 14h15";185.63;0;50.4;0;0;0;
"12-01-2014 14h30";177.61;0;50.6;0;0;0;
"12-01-2014 14h45";202.68;0;50.1;0;0;0;
"12-01-2014 15h00";196.66;0;55.5;0;0;0;
"12-01-2014 15h15";185.63;0;48.4;0;0;0;
"12-01-2014 15h30";184.63;0;46.3;0;0;0;
"12-01-2014 15h45";200.68;0;49.9;0;0;0;
"12-01-2014 16h00";228.76;0;59.7;0;0;0;
"12-01-2014 16h15";213.71;0;61.2;0;0;0;
"12-01-2014 16h30";206.69;0;52.5;0;0;0;
"12-01-2014 16h45";193.65;0;50.2;0;0;0;
"12-01-2014 17h00";183.62;0;48.2;0;0;0;
"12-01-2014 17h15";186.63;0;51.5;0;0;0;
"12-01-2014 17h30";201.68;0;55;0;0;0;
"12-01-2014 17h45";201.68;0;56;0;0;0;
"12-01-2014 18h00";195.66;0;57.4;0;0;0;
"12-01-2014 18h15";213.71;0;55.2;0;0;0;
"12-01-2014 18h30";207.7;0;54.6;0;0;0;
"12-01-2014 18h45";204.69;0;56.3;0;0;0;
"12-01-2014 19h00";207.7;0;55.6;0;0;0;
"12-01-2014 19h15";201.68;0;57;0;0;0;
"12-01-2014 19h30";199.67;0;56.8;0;0;0;
"12-01-2014 19h45";199.67;0;54.8;0;0;0;
"12-01-2014 20h00";195.66;0;49.4;0;0;0;
"12-01-2014 20h15";186.63;0;53.5;0;0;0;
"12-01-2014 20h30";176.6;0;44.5;0;0;0;
"12-01-2014 20h45";181.62;0;51;0;0;0;
"12-01-2014 21h00";179.61;0;48.8;0;0;0;
"12-01-2014 21h15";184.63;0;57.3;0;0;0;
"12-01-2014 21h30";178.61;0;52.7;0;0;0;
"12-01-2014 21h45";176.6;0;51.5;0;0;0;
"12-01-2014 22h00";175.6;0;49.4;0;0;0;
"12-01-2014 22h15";166.57;0;48.5;0;0;0;
"12-01-2014 22h30";137.49;0;39.6;0;0;0;
"12-01-2014 22h45";130.47;0;33.9;0;0;0;
"12-01-2014 23h00";124.17;0;29.3;0;0;0;
"12-01-2014 23h15";90.15;0;28.9;0;0;0;
"12-01-2014 23h30";86.14;0;27.5;0;0;0;
"12-01-2014 23h45";84.14;0;25.3;0;0;0;
"12-01-2014 00h00";83.14;0;22.2;0;0;0;
"13-01-2014 00h15";80.14;0;26.9;0;0;0;
"13-01-2014 00h30";84.14;0;24.3;0;0;0;
"13-01-2014 00h45";85.14;0;25.4;0;0;0;
"13-01-2014 01h00";83.14;0;24.2;0;0;0;
"13-01-2014 01h15";88.15;0;26.7;0;0;0;
"13-01-2014 01h30";81.14;0;26;0;0;0;
"13-01-2014 01h45";92.15;0;29.1;0;0;0;
"13-01-2014 02h00";82.14;0;22.1;0;0;0;
"13-01-2014 02h15";82.14;0;23.1;0;0;0;
"13-01-2014 02h30";86.14;0;26.5;0;0;0;
"13-01-2014 02h45";98.15;0;25.7;0;0;0;
"13-01-2014 03h00";82.14;0;21.1;0;0;0;
"13-01-2014 03h15";89.15;0;25.8;0;0;0;
"13-01-2014 03h30";83.14;0;24.2;0;0;0;
"13-01-2014 03h45";89.15;0;26.8;0;0;0;
"13-01-2014 04h00";88.15;0;28.7;0;0;0;
"13-01-2014 04h15";87.14;0;25.6;0;0;0;
"13-01-2014 04h30";81.14;0;22;0;0;0;
"13-01-2014 04h45";90.15;0;22.9;0;0;0;
"13-01-2014 05h00";85.14;0;26.4;0;0;0;
"13-01-2014 05h15";86.14;0;24.5;0;0;0;
"13-01-2014 05h30";86.14;0;23.5;0;0;0;
"13-01-2014 05h45";93.15;0;30.2;0;0;0;
"13-01-2014 06h00";88.15;0;27.7;0;0;0;
"13-01-2014 06h15";82.14;0;26.1;0;0;0;
"13-01-2014 06h30";87.14;0;20.6;0;0;0;
"13-01-2014 06h45";102.16;0;27.1;0;0;0;
"13-01-2014 07h00";117.17;0;33.6;0;0;0;
"13-01-2014 07h15";181.62;0;47;0;0;0;
"13-01-2014 07h30";184.63;0;50.3;0;0;0;
"13-01-2014 07h45";193.65;0;53.2;0;0;0;
"13-01-2014 08h00";183.62;0;47.2;0;0;0;
"13-01-2014 08h15";164.57;0;43.3;0;0;0;
"13-01-2014 08h30";162.56;0;43.1;0;0;0;
"13-01-2014 08h45";181.62;0;49;0;0;0;
"13-01-2014 09h00";135.48;0;38.4;0;0;0;
"13-01-2014 09h15";1.08;0;0;0;0;0;
"13-01-2014 09h30";179.61;0;51.8;0;0;0;
"13-01-2014 09h45";191.65;0;46;0;0;0;
"13-01-2014 10h00";195.66;0;45.4;0;0;0;
"13-01-2014 10h15";192.65;0;47.1;0;0;0;
"13-01-2014 10h30";184.63;0;41.3;0;0;0;
"13-01-2014 10h45";177.61;0;42.6;0;0;0;
"13-01-2014 11h00";177.61;0;44.6;0;0;0;
"13-01-2014 11h15";177.61;0;47.6;0;0;0;
"13-01-2014 11h30";180.62;0;46.9;0;0;0;
"13-01-2014 11h45";185.63;0;49.4;0;0;0;
"13-01-2014 12h00";187.64;0;53.6;0;0;0;
"13-01-2014 12h15";179.61;0;44.8;0;0;0;
"13-01-2014 12h30";177.61;0;47.6;0;0;0;
"13-01-2014 12h45";171.59;0;44;0;0;0;
"13-01-2014 13h00";169.58;0;43.8;0;0;0;
"13-01-2014 13h15";161.56;0;44;0;0;0;
"13-01-2014 13h30";167.58;0;47.6;0;0;0;
"13-01-2014 13h45";162.56;0;45.1;0;0;0;
"13-01-2014 14h00";168.58;0;48.7;0;0;0;
"13-01-2014 14h15";176.6;0;49.5;0;0;0;
"13-01-2014 14h30";173.59;0;48.2;0;0;0;
"13-01-2014 14h45";191.65;0;55;0;0;0;
"13-01-2014 15h00";171.59;0;49;0;0;0;
"13-01-2014 15h15";176.6;0;45.5;0;0;0;
"13-01-2014 15h30";174.6;0;48.3;0;0;0;
"13-01-2014 15h45";193.65;0;53.2;0;0;0;
"13-01-2014 16h00";177.61;0;41.6;0;0;0;
"13-01-2014 16h15";170.59;0;45.9;0;0;0;
"13-01-2014 16h30";172.59;0;48.1;0;0;0;
"13-01-2014 16h45";181.62;0;44;0;0;0;
"13-01-2014 17h00";178.61;0;39.7;0;0;0;
"13-01-2014 17h15";180.62;0;40.9;0;0;0;
"13-01-2014 17h30";182.62;0;40.1;0;0;0;
"13-01-2014 17h45";203.68;0;56.2;0;0;0;
"13-01-2014 18h00";200.68;0;53.9;0;0;0;
"13-01-2014 18h15";203.68;0;56.2;0;0;0;
"13-01-2014 18h30";218.73;0;53.7;0;0;0;
"13-01-2014 18h45";216.72;0;56.5;0;0;0;
"13-01-2014 19h00";197.67;0;53.6;0;0;0;
"13-01-2014 19h15";201.68;0;54;0;0;0;
"13-01-2014 19h30";203.68;0;58.2;0;0;0;
"13-01-2014 19h45";197.67;0;57.6;0;0;0;
"13-01-2014 20h00";198.67;0;54.7;0;0;0;
"13-01-2014 20h15";182.62;0;47.1;0;0;0;
"13-01-2014 20h30";176.6;0;48.5;0;0;0;
"13-01-2014 20h45";185.63;0;53.4;0;0;0;
"13-01-2014 21h00";186.63;0;48.5;0;0;0;
"13-01-2014 21h15";183.62;0;49.2;0;0;0;
"13-01-2014 21h30";181.62;0;49;0;0;0;
"13-01-2014 21h45";172.59;0;49.1;0;0;0;
"13-01-2014 22h00";183.62;0;51.2;0;0;0;
"13-01-2014 22h15";173.59;0;48.2;0;0;0;
"13-01-2014 22h30";148.52;0;38.7;0;0;0;
"13-01-2014 22h45";144.51;0;37.3;0;0;0;
"13-01-2014 23h00";127.46;0;31.6;0;0;0;
"13-01-2014 23h15";109.16;0;30.8;0;0;0;
"13-01-2014 23h30";108.16;0;28.7;0;0;0;
"13-01-2014 23h45";98.15;0;29.7;0;0;0;
"13-01-2014 00h00";92.15;0;28.1;0;0;0;
"14-01-2014 00h15";83.14;0;25.2;0;0;0;
"14-01-2014 00h30";92.15;0;27.1;0;0;0;
"14-01-2014 00h45";91.15;0;28;0;0;0;
"14-01-2014 01h00";88.15;0;23.7;0;0;0;
"14-01-2014 01h15";100.16;0;31.9;0;0;0;
"14-01-2014 01h30";96.15;0;29.5;0;0;0;
"14-01-2014 01h45";100.16;0;28.9;0;0;0;
"14-01-2014 02h00";96.15;0;26.5;0;0;0;
"14-01-2014 02h15";95.15;0;31.4;0;0;0;
"14-01-2014 02h30";101.16;0;30;0;0;0;
"14-01-2014 02h45";109.16;0;32.8;0;0;0;
"14-01-2014 03h00";98.15;0;27.7;0;0;0;
"14-01-2014 03h15";100.16;0;28.9;0;0;0;
"14-01-2014 03h30";96.15;0;31.5;0;0;0;
"14-01-2014 03h45";108.16;0;30.7;0;0;0;
"14-01-2014 04h00";99.15;0;28.8;0;0;0;
"14-01-2014 04h15";99.15;0;26.8;0;0;0;
"14-01-2014 04h30";98.15;0;25.7;0;0;0;
"14-01-2014 04h45";107.16;0;32.6;0;0;0;
"14-01-2014 05h00";98.15;0;29.7;0;0;0;
"14-01-2014 05h15";98.15;0;28.7;0;0;0;
"14-01-2014 05h30";98.15;0;29.7;0;0;0;
"14-01-2014 05h45";106.16;0;29.5;0;0;0;
"14-01-2014 06h00";102.16;0;31.1;0;0;0;
"14-01-2014 06h15";94.15;0;25.3;0;0;0;
"14-01-2014 06h30";104.16;0;30.3;0;0;0;
"14-01-2014 06h45";113.17;0;28.2;0;0;0;
"14-01-2014 07h00";115.17;0;30.4;0;0;0;
"14-01-2014 07h15";154.54;0;41.3;0;0;0;
"14-01-2014 07h30";165.57;0;48.4;0;0;0;
"14-01-2014 07h45";177.61;0;54.6;0;0;0;
"14-01-2014 08h00";184.63;0;53.3;0;0;0;
"14-01-2014 08h15";198.67;0;51.7;0;0;0;
"14-01-2014 08h30";199.67;0;52.8;0;0;0;
"14-01-2014 08h45";202.68;0;55.1;0;0;0;
"14-01-2014 09h00";181.62;0;50;0;0;0;
"14-01-2014 09h15";184.63;0;52.3;0;0;0;
"14-01-2014 09h30";181.62;0;52;0;0;0;
"14-01-2014 09h45";187.64;0;55.6;0;0;0;
"14-01-2014 10h00";190.65;0;54.9;0;0;0;
"14-01-2014 10h15";195.66;0;56.4;0;0;0;
"14-01-2014 10h30";196.66;0;57.5;0;0;0;
"14-01-2014 10h45";191.65;0;57;0;0;0;
"14-01-2014 11h00";187.64;0;55.6;0;0;0;
"14-01-2014 11h15";182.62;0;52.1;0;0;0;
"14-01-2014 11h30";178.61;0;52.7;0;0;0;
"14-01-2014 11h45";182.62;0;50.1;0;0;0;
"14-01-2014 12h00";188.64;0;54.7;0;0;0;
"14-01-2014 12h15";185.63;0;53.4;0;0;0;
"14-01-2014 12h30";187.64;0;55.6;0;0;0;
"14-01-2014 12h45";180.62;0;49.9;0;0;0;
"14-01-2014 13h00";176.6;0;51.5;0;0;0;
"14-01-2014 13h15";173.59;0;49.2;0;0;0;
"14-01-2014 13h30";179.61;0;50.8;0;0;0;
"14-01-2014 13h45";174.6;0;51.3;0;0;0;
"14-01-2014 14h00";177.61;0;51.6;0;0;0;
"14-01-2014 14h15";174.6;0;49.3;0;0;0;
"14-01-2014 14h30";172.59;0;51.1;0;0;0;
"14-01-2014 14h45";188.64;0;54.7;0;0;0;
"14-01-2014 15h00";180.62;0;48.9;0;0;0;
"14-01-2014 15h15";184.63;0;53.3;0;0;0;
"14-01-2014 15h30";187.64;0;56.6;0;0;0;
"14-01-2014 15h45";189.64;0;54.8;0;0;0;
"14-01-2014 16h00";191.65;0;55;0;0;0;
"14-01-2014 16h15";176.6;0;50.5;0;0;0;
"14-01-2014 16h30";180.62;0;51.9;0;0;0;
"14-01-2014 16h45";195.66;0;56.4;0;0;0;
"14-01-2014 17h00";183.62;0;54.2;0;0;0;
"14-01-2014 17h15";185.63;0;53.4;0;0;0;
"14-01-2014 17h30";189.64;0;53.8;0;0;0;
"14-01-2014 17h45";202.68;0;56.1;0;0;0;
"14-01-2014 18h00";198.67;0;55.7;0;0;0;
"14-01-2014 18h15";204.69;0;54.3;0;0;0;
"14-01-2014 18h30";214.72;0;56.3;0;0;0;
"14-01-2014 18h45";207.7;0;59.6;0;0;0;
"14-01-2014 19h00";210.71;0;57.9;0;0;0;
"14-01-2014 19h15";203.68;0;56.2;0;0;0;
"14-01-2014 19h30";194.66;0;57.3;0;0;0;
"14-01-2014 19h45";189.64;0;49.8;0;0;0;
"14-01-2014 20h00";182.62;0;53.1;0;0;0;
"14-01-2014 20h15";181.62;0;51;0;0;0;
"14-01-2014 20h30";182.62;0;52.1;0;0;0;
"14-01-2014 20h45";183.62;0;54.2;0;0;0;
"14-01-2014 21h00";182.62;0;52.1;0;0;0;
"14-01-2014 21h15";179.61;0;50.8;0;0;0;
"14-01-2014 21h30";176.6;0;49.5;0;0;0;
"14-01-2014 21h45";181.62;0;57;0;0;0;
"14-01-2014 22h00";184.63;0;53.3;0;0;0;
"14-01-2014 22h15";168.58;0;46.7;0;0;0;
"14-01-2014 22h30";143.5;0;39.2;0;0;0;
"14-01-2014 22h45";131.47;0;37;0;0;0;
"14-01-2014 23h00";116.17;0;29.5;0;0;0;
"14-01-2014 23h15";107.16;0;30.6;0;0;0;
"14-01-2014 23h30";98.15;0;30.7;0;0;0;
"14-01-2014 23h45";97.15;0;27.6;0;0;0;
"14-01-2014 00h00";92.15;0;27.1;0;0;0;
"15-01-2014 00h15";81.14;0;25;0;0;0;
"15-01-2014 00h30";89.15;0;24.8;0;0;0;
"15-01-2014 00h45";86.14;0;23.5;0;0;0;
"15-01-2014 01h00";84.14;0;25.3;0;0;0;
"15-01-2014 01h15";98.15;0;32.7;0;0;0;
"15-01-2014 01h30";92.15;0;29.1;0;0;0;
"15-01-2014 01h45";97.15;0;28.6;0;0;0;
"15-01-2014 02h00";91.15;0;27;0;0;0;
"15-01-2014 02h15";90.15;0;24.9;0;0;0;
"15-01-2014 02h30";97.15;0;24.6;0;0;0;
"15-01-2014 02h45";106.16;0;31.5;0;0;0;
"15-01-2014 03h00";102.16;0;30.1;0;0;0;
"15-01-2014 03h15";98.15;0;27.7;0;0;0;
"15-01-2014 03h30";95.15;0;27.4;0;0;0;
"15-01-2014 03h45";107.16;0;29.6;0;0;0;
"15-01-2014 04h00";101.16;0;32;0;0;0;
"15-01-2014 04h15";98.15;0;28.7;0;0;0;
"15-01-2014 04h30";94.15;0;29.3;0;0;0;
"15-01-2014 04h45";109.16;0;31.8;0;0;0;
"15-01-2014 05h00";98.15;0;27.7;0;0;0;
"15-01-2014 05h15";96.15;0;28.5;0;0;0;
"15-01-2014 05h30";98.15;0;26.7;0;0;0;
"15-01-2014 05h45";110.16;0;31.9;0;0;0;
"15-01-2014 06h00";102.16;0;30.1;0;0;0;
"15-01-2014 06h15";93.15;0;22.2;0;0;0;
"15-01-2014 06h30";105.16;0;31.4;0;0;0;
"15-01-2014 06h45";113.17;0;32.2;0;0;0;
"15-01-2014 07h00";127.46;0;33.6;0;0;0;
"15-01-2014 07h15";199.67;0;52.8;0;0;0;
"15-01-2014 07h30";216.72;0;57.5;0;0;0;
"15-01-2014 07h45";197.67;0;57.6;0;0;0;
"15-01-2014 08h00";188.64;0;54.7;0;0;0;
"15-01-2014 08h15";188.64;0;52.7;0;0;0;
"15-01-2014 08h30";176.6;0;53.5;0;0;0;
"15-01-2014 08h45";177.61;0;51.6;0;0;0;
"15-01-2014 09h00";169.58;0;50.8;0;0;0;
"15-01-2014 09h15";181.62;0;53;0;0;0;
"15-01-2014 09h30";185.63;0;54.4;0;0;0;
"15-01-2014 09h45";189.64;0;54.8;0;0;0;
"15-01-2014 10h00";188.64;0;54.7;0;0;0;
"15-01-2014 10h15";185.63;0;54.4;0;0;0;
"15-01-2014 10h30";197.67;0;54.6;0;0;0;
"15-01-2014 10h45";187.64;0;53.6;0;0;0;
"15-01-2014 11h00";184.63;0;54.3;0;0;0;
"15-01-2014 11h15";172.59;0;51.1;0;0;0;
"15-01-2014 11h30";181.62;0;55;0;0;0;
"15-01-2014 11h45";180.62;0;52.9;0;0;0;
"15-01-2014 12h00";179.61;0;55.8;0;0;0;
"15-01-2014 12h15";168.58;0;42.7;0;0;0;
"15-01-2014 12h30";186.63;0;55.5;0;0;0;
"15-01-2014 12h45";178.61;0;52.7;0;0;0;
"15-01-2014 13h00";170.59;0;48.9;0;0;0;
"15-01-2014 13h15";172.59;0;50.1;0;0;0;
"15-01-2014 13h30";177.61;0;50.6;0;0;0;
"15-01-2014 13h45";171.59;0;51;0;0;0;
"15-01-2014 14h00";165.57;0;48.4;0;0;0;
"15-01-2014 14h15";172.59;0;50.1;0;0;0;
"15-01-2014 14h30";172.59;0;52.1;0;0;0;
"15-01-2014 14h45";184.63;0;52.3;0;0;0;
"15-01-2014 15h00";170.59;0;48.9;0;0;0;
"15-01-2014 15h15";172.59;0;51.1;0;0;0;
"15-01-2014 15h30";171.59;0;47;0;0;0;
"15-01-2014 15h45";185.63;0;55.4;0;0;0;
"15-01-2014 16h00";183.62;0;51.2;0;0;0;
"15-01-2014 16h15";183.62;0;53.2;0;0;0;
"15-01-2014 16h30";182.62;0;53.1;0;0;0;
"15-01-2014 16h45";182.62;0;53.1;0;0;0;
"15-01-2014 17h00";182.62;0;55.1;0;0;0;
"15-01-2014 17h15";182.62;0;53.1;0;0;0;
"15-01-2014 17h30";190.65;0;54.9;0;0;0;
"15-01-2014 17h45";195.66;0;58.4;0;0;0;
"15-01-2014 18h00";206.69;0;60.5;0;0;0;
"15-01-2014 18h15";208.7;0;54.7;0;0;0;
"15-01-2014 18h30";212.71;0;55.1;0;0;0;
"15-01-2014 18h45";191.65;0;47;0;0;0;
"15-01-2014 19h00";191.65;0;48;0;0;0;
"15-01-2014 19h15";196.66;0;50.5;0;0;0;
"15-01-2014 19h30";189.64;0;54.8;0;0;0;
"15-01-2014 19h45";204.69;0;60.3;0;0;0;
"15-01-2014 20h00";194.66;0;54.3;0;0;0;
"15-01-2014 20h15";191.65;0;49;0;0;0;
"15-01-2014 20h30";186.63;0;49.5;0;0;0;
"15-01-2014 20h45";186.63;0;53.5;0;0;0;
"15-01-2014 21h00";182.62;0;52.1;0;0;0;
"15-01-2014 21h15";179.61;0;51.8;0;0;0;
"15-01-2014 21h30";177.61;0;51.6;0;0;0;
"15-01-2014 21h45";172.59;0;48.1;0;0;0;
"15-01-2014 22h00";185.63;0;53.4;0;0;0;
"15-01-2014 22h15";165.57;0;43.4;0;0;0;
"15-01-2014 22h30";150.53;0;41.9;0;0;0;
"15-01-2014 22h45";135.48;0;37.4;0;0;0;
"15-01-2014 23h00";115.17;0;32.4;0;0;0;
"15-01-2014 23h15";100.16;0;29.9;0;0;0;
"15-01-2014 23h30";93.15;0;29.2;0;0;0;
"15-01-2014 23h45";91.15;0;26;0;0;0;
"15-01-2014 00h00";83.14;0;27.2;0;0;0;
"16-01-2014 00h15";77.14;0;25.6;0;0;0;
"16-01-2014 00h30";80.14;0;25.9;0;0;0;
"16-01-2014 00h45";82.14;0;29.1;0;0;0;
"16-01-2014 01h00";79.14;0;22.8;0;0;0;
"16-01-2014 01h15";98.15;0;27.7;0;0;0;
"16-01-2014 01h30";88.15;0;26.7;0;0;0;
"16-01-2014 01h45";91.15;0;29;0;0;0;
"16-01-2014 02h00";92.15;0;28.1;0;0;0;
"16-01-2014 02h15";87.14;0;27.6;0;0;0;
"16-01-2014 02h30";89.15;0;27.8;0;0;0;
"16-01-2014 02h45";101.16;0;32;0;0;0;
"16-01-2014 03h00";91.15;0;24;0;0;0;
"16-01-2014 03h15";87.14;0;23.6;0;0;0;
"16-01-2014 03h30";86.14;0;28.5;0;0;0;
"16-01-2014 03h45";97.15;0;26.6;0;0;0;
"16-01-2014 04h00";94.15;0;23.3;0;0;0;
"16-01-2014 04h15";89.15;0;27.8;0;0;0;
"16-01-2014 04h30";89.15;0;25.8;0;0;0;
"16-01-2014 04h45";91.15;0;29;0;0;0;
"16-01-2014 05h00";83.14;0;24.2;0;0;0;
"16-01-2014 05h15";89.15;0;26.8;0;0;0;
"16-01-2014 05h30";88.15;0;25.7;0;0;0;
"16-01-2014 05h45";96.15;0;28.5;0;0;0;
"16-01-2014 06h00";96.15;0;30.5;0;0;0;
"16-01-2014 06h15";95.15;0;26.4;0;0;0;
"16-01-2014 06h30";95.15;0;25.4;0;0;0;
"16-01-2014 06h45";112.16;0;30.1;0;0;0;
"16-01-2014 07h00";156.54;0;45.5;0;0;0;
"16-01-2014 07h15";225.75;0;65.4;0;0;0;
"16-01-2014 07h30";191.65;0;59;0;0;0;
"16-01-2014 07h45";197.67;0;59.6;0;0;0;
"16-01-2014 08h00";189.64;0;55.8;0;0;0;
"16-01-2014 08h15";178.61;0;51.7;0;0;0;
"16-01-2014 08h30";171.59;0;49;0;0;0;
"16-01-2014 08h45";186.63;0;53.5;0;0;0;
"16-01-2014 09h00";187.64;0;54.6;0;0;0;
"16-01-2014 09h15";203.68;0;56.2;0;0;0;
"16-01-2014 09h30";184.63;0;52.3;0;0;0;
"16-01-2014 09h45";196.66;0;57.5;0;0;0;
"16-01-2014 10h00";188.64;0;54.7;0;0;0;
"16-01-2014 10h15";188.64;0;52.7;0;0;0;
"16-01-2014 10h30";178.61;0;51.7;0;0;0;
"16-01-2014 10h45";182.62;0;53.1;0;0;0;
"16-01-2014 11h00";179.61;0;52.8;0;0;0;
"16-01-2014 11h15";181.62;0;53;0;0;0;
"16-01-2014 11h30";177.61;0;50.6;0;0;0;
"16-01-2014 11h45";188.64;0;54.7;0;0;0;
"16-01-2014 12h00";189.64;0;52.8;0;0;0;
"16-01-2014 12h15";176.6;0;51.5;0;0;0;
"16-01-2014 12h30";187.64;0;54.6;0;0;0;
"16-01-2014 12h45";171.59;0;46;0;0;0;
"16-01-2014 13h00";167.58;0;43.6;0;0;0;
"16-01-2014 13h15";167.58;0;48.6;0;0;0;
"16-01-2014 13h30";180.62;0;50.9;0;0;0;
"16-01-2014 13h45";163.56;0;46.2;0;0;0;
"16-01-2014 14h00";157.55;0;47.6;0;0;0;
"16-01-2014 14h15";160.56;0;41.9;0;0;0;
"16-01-2014 14h30";157.55;0;44.6;0;0;0;
"16-01-2014 14h45";171.59;0;49;0;0;0;
"16-01-2014 15h00";170.59;0;51.9;0;0;0;
"16-01-2014 15h15";165.57;0;46.4;0;0;0;
"16-01-2014 15h30";167.58;0;48.6;0;0;0;
"16-01-2014 15h45";183.62;0;52.2;0;0;0;
"16-01-2014 16h00";184.63;0;53.3;0;0;0;
"16-01-2014 16h15";186.63;0;55.5;0;0;0;
"16-01-2014 16h30";183.62;0;54.2;0;0;0;
"16-01-2014 16h45";187.64;0;51.6;0;0;0;
"16-01-2014 17h00";179.61;0;53.8;0;0;0;
"16-01-2014 17h15";175.6;0;49.4;0;0;0;
"16-01-2014 17h30";180.62;0;50.9;0;0;0;
"16-01-2014 17h45";197.67;0;59.6;0;0;0;
"16-01-2014 18h00";200.68;0;59.9;0;0;0;
"16-01-2014 18h15";203.68;0;56.2;0;0;0;
"16-01-2014 18h30";219.73;0;59.8;0;0;0;
"16-01-2014 18h45";211.71;0;58;0;0;0;
"16-01-2014 19h00";199.67;0;50.8;0;0;0;
"16-01-2014 19h15";190.65;0;50.9;0;0;0;
"16-01-2014 19h30";195.66;0;57.4;0;0;0;
"16-01-2014 19h45";200.68;0;59.9;0;0;0;
"16-01-2014 20h00";193.65;0;55.2;0;0;0;
"16-01-2014 20h15";178.61;0;52.7;0;0;0;
"16-01-2014 20h30";183.62;0;49.2;0;0;0;
"16-01-2014 20h45";183.62;0;52.2;0;0;0;
"16-01-2014 21h00";180.62;0;47.9;0;0;0;
"16-01-2014 21h15";184.63;0;52.3;0;0;0;
"16-01-2014 21h30";180.62;0;48.9;0;0;0;
"16-01-2014 21h45";179.61;0;51.8;0;0;0;
"16-01-2014 22h00";182.62;0;52.1;0;0;0;
"16-01-2014 22h15";172.59;0;54.1;0;0;0;
"16-01-2014 22h30";142.5;0;40.1;0;0;0;
"16-01-2014 22h45";134.48;0;40.3;0;0;0;
"16-01-2014 23h00";126.45;0;36.5;0;0;0;
"16-01-2014 23h15";94.15;0;29.3;0;0;0;
"16-01-2014 23h30";89.15;0;23.8;0;0;0;
"16-01-2014 23h45";97.15;0;25.6;0;0;0;
"16-01-2014 00h00";84.14;0;26.3;0;0;0;
"17-01-2014 00h15";73.13;0;18.2;0;0;0;
"17-01-2014 00h30";88.15;0;25.7;0;0;0;
"17-01-2014 00h45";84.14;0;24.3;0;0;0;
"17-01-2014 01h00";81.14;0;24;0;0;0;
"17-01-2014 01h15";94.15;0;28.3;0;0;0;
"17-01-2014 01h30";98.15;0;31.7;0;0;0;
"17-01-2014 01h45";95.15;0;28.4;0;0;0;
"17-01-2014 02h00";95.15;0;30.4;0;0;0;
"17-01-2014 02h15";95.15;0;27.4;0;0;0;
"17-01-2014 02h30";92.15;0;26.1;0;0;0;
"17-01-2014 02h45";102.16;0;33.1;0;0;0;
"17-01-2014 03h00";90.15;0;26.9;0;0;0;
"17-01-2014 03h15";93.15;0;28.2;0;0;0;
"17-01-2014 03h30";87.14;0;26.6;0;0;0;
"17-01-2014 03h45";98.15;0;29.7;0;0;0;
"17-01-2014 04h00";94.15;0;29.3;0;0;0;
"17-01-2014 04h15";93.15;0;28.2;0;0;0;
"17-01-2014 04h30";93.15;0;26.2;0;0;0;
"17-01-2014 04h45";96.15;0;28.5;0;0;0;
"17-01-2014 05h00";93.15;0;28.2;0;0;0;
"17-01-2014 05h15";94.15;0;31.3;0;0;0;
"17-01-2014 05h30";94.15;0;29.3;0;0;0;
"17-01-2014 05h45";100.16;0;33.9;0;0;0;
"17-01-2014 06h00";93.15;0;28.2;0;0;0;
"17-01-2014 06h15";92.15;0;26.1;0;0;0;
"17-01-2014 06h30";94.15;0;25.3;0;0;0;
"17-01-2014 06h45";111.16;0;30;0;0;0;
"17-01-2014 07h00";144.51;0;40.3;0;0;0;
"17-01-2014 07h15";187.64;0;52.6;0;0;0;
"17-01-2014 07h30";211.71;0;58;0;0;0;
"17-01-2014 07h45";216.72;0;64.5;0;0;0;
"17-01-2014 08h00";195.66;0;55.4;0;0;0;
"17-01-2014 08h15";167.58;0;49.6;0;0;0;
"17-01-2014 08h30";178.61;0;56.7;0;0;0;
"17-01-2014 08h45";185.63;0;55.4;0;0;0;
"17-01-2014 09h00";178.61;0;52.7;0;0;0;
"17-01-2014 09h15";191.65;0;53;0;0;0;
"17-01-2014 09h30";179.61;0;52.8;0;0;0;
"17-01-2014 09h45";180.62;0;52.9;0;0;0;
"17-01-2014 10h00";179.61;0;51.8;0;0;0;
"17-01-2014 10h15";188.64;0;54.7;0;0;0;
"17-01-2014 10h30";174.6;0;49.3;0;0;0;
"17-01-2014 10h45";180.62;0;49.9;0;0;0;
"17-01-2014 11h00";196.66;0;58.5;0;0;0;
"17-01-2014 11h15";188.64;0;54.7;0;0;0;
"17-01-2014 11h30";190.65;0;57.9;0;0;0;
"17-01-2014 11h45";187.64;0;53.6;0;0;0;
"17-01-2014 12h00";185.63;0;51.4;0;0;0;
"17-01-2014 12h15";181.62;0;49;0;0;0;
"17-01-2014 12h30";180.62;0;49.9;0;0;0;
"17-01-2014 12h45";174.6;0;48.3;0;0;0;
"17-01-2014 13h00";173.59;0;48.2;0;0;0;
"17-01-2014 13h15";158.55;0;45.7;0;0;0;
"17-01-2014 13h30";174.6;0;49.3;0;0;0;
"17-01-2014 13h45";177.61;0;52.6;0;0;0;
"17-01-2014 14h00";161.56;0;47;0;0;0;
"17-01-2014 14h15";169.58;0;46.8;0;0;0;
"17-01-2014 14h30";168.58;0;45.7;0;0;0;
"17-01-2014 14h45";189.64;0;53.8;0;0;0;
"17-01-2014 15h00";166.57;0;46.5;0;0;0;
"17-01-2014 15h15";185.63;0;52.4;0;0;0;
"17-01-2014 15h30";186.63;0;54.5;0;0;0;
"17-01-2014 15h45";189.64;0;54.8;0;0;0;
"17-01-2014 16h00";186.63;0;53.5;0;0;0;
"17-01-2014 16h15";161.56;0;46;0;0;0;
"17-01-2014 16h30";164.57;0;46.3;0;0;0;
"17-01-2014 16h45";165.57;0;47.4;0;0;0;
"17-01-2014 17h00";167.58;0;49.6;0;0;0;
"17-01-2014 17h15";168.58;0;47.7;0;0;0;
"17-01-2014 17h30";183.62;0;53.2;0;0;0;
"17-01-2014 17h45";213.71;0;59.2;0;0;0;
"17-01-2014 18h00";206.69;0;59.5;0;0;0;
"17-01-2014 18h15";203.68;0;55.2;0;0;0;
"17-01-2014 18h30";213.71;0;57.2;0;0;0;
"17-01-2014 18h45";204.69;0;60.3;0;0;0;
"17-01-2014 19h00";215.72;0;60.4;0;0;0;
"17-01-2014 19h15";211.71;0;62;0;0;0;
"17-01-2014 19h30";203.68;0;56.2;0;0;0;
"17-01-2014 19h45";198.67;0;53.7;0;0;0;
"17-01-2014 20h00";207.7;0;52.6;0;0;0;
"17-01-2014 20h15";178.61;0;50.7;0;0;0;
"17-01-2014 20h30";178.61;0;51.7;0;0;0;
"17-01-2014 20h45";185.63;0;50.4;0;0;0;
"17-01-2014 21h00";183.62;0;52.2;0;0;0;
"17-01-2014 21h15";179.61;0;52.8;0;0;0;
"17-01-2014 21h30";181.62;0;51;0;0;0;
"17-01-2014 21h45";178.61;0;48.7;0;0;0;
"17-01-2014 22h00";177.61;0;51.6;0;0;0;
"17-01-2014 22h15";170.59;0;45.9;0;0;0;
"17-01-2014 22h30";139.49;0;38.8;0;0;0;
"17-01-2014 22h45";132.47;0;36.1;0;0;0;
"17-01-2014 23h00";121.17;0;32;0;0;0;
"17-01-2014 23h15";100.16;0;30.9;0;0;0;
"17-01-2014 23h30";92.15;0;25.1;0;0;0;
"17-01-2014 23h45";92.15;0;30.1;0;0;0;
"17-01-2014 00h00";83.14;0;24.2;0;0;0;
"18-01-2014 00h15";80.14;0;26.9;0;0;0;
"18-01-2014 00h30";79.14;0;25.8;0;0;0;
"18-01-2014 00h45";79.14;0;26.8;0;0;0;
"18-01-2014 01h00";79.14;0;27.8;0;0;0;
"18-01-2014 01h15";87.14;0;26.6;0;0;0;
"18-01-2014 01h30";94.15;0;32.3;0;0;0;
"18-01-2014 01h45";96.15;0;32.5;0;0;0;
"18-01-2014 02h00";93.15;0;26.2;0;0;0;
"18-01-2014 02h15";90.15;0;29.9;0;0;0;
"18-01-2014 02h30";90.15;0;25.9;0;0;0;
"18-01-2014 02h45";106.16;0;34.5;0;0;0;
"18-01-2014 03h00";93.15;0;27.2;0;0;0;
"18-01-2014 03h15";92.15;0;26.1;0;0;0;
"18-01-2014 03h30";86.14;0;25.5;0;0;0;
"18-01-2014 03h45";97.15;0;27.6;0;0;0;
"18-01-2014 04h00";100.16;0;30.9;0;0;0;
"18-01-2014 04h15";93.15;0;29.2;0;0;0;
"18-01-2014 04h30";93.15;0;30.2;0;0;0;
"18-01-2014 04h45";103.16;0;29.2;0;0;0;
"18-01-2014 05h00";91.15;0;27;0;0;0;
"18-01-2014 05h15";85.14;0;24.4;0;0;0;
"18-01-2014 05h30";89.15;0;29.8;0;0;0;
"18-01-2014 05h45";99.15;0;23.8;0;0;0;
"18-01-2014 06h00";90.15;0;26.9;0;0;0;
"18-01-2014 06h15";91.15;0;24;0;0;0;
"18-01-2014 06h30";93.15;0;28.2;0;0;0;
"18-01-2014 06h45";108.16;0;28.7;0;0;0;
"18-01-2014 07h00";141.5;0;34;0;0;0;
"18-01-2014 07h15";200.68;0;51.9;0;0;0;
"18-01-2014 07h30";181.62;0;49;0;0;0;
"18-01-2014 07h45";185.63;0;49.4;0;0;0;
"18-01-2014 08h00";177.61;0;46.6;0;0;0;
"18-01-2014 08h15";163.56;0;41.2;0;0;0;
"18-01-2014 08h30";140.5;0;41.9;0;0;0;
"18-01-2014 08h45";172.59;0;46.1;0;0;0;
"18-01-2014 09h00";172.59;0;49.1;0;0;0;
"18-01-2014 09h15";186.63;0;53.5;0;0;0;
"18-01-2014 09h30";193.65;0;56.2;0;0;0;
"18-01-2014 09h45";179.61;0;49.8;0;0;0;
"18-01-2014 10h00";192.65;0;48.1;0;0;0;
"18-01-2014 10h15";184.63;0;48.3;0;0;0;
"18-01-2014 10h30";188.64;0;52.7;0;0;0;
"18-01-2014 10h45";181.62;0;49;0;0;0;
"18-01-2014 11h00";187.64;0;54.6;0;0;0;
"18-01-2014 11h15";181.62;0;52;0;0;0;
"18-01-2014 11h30";184.63;0;51.3;0;0;0;
"18-01-2014 11h45";182.62;0;50.1;0;0;0;
"18-01-2014 12h00";213.71;0;54.2;0;0;0;
"18-01-2014 12h15";190.65;0;49.9;0;0;0;
"18-01-2014 12h30";186.63;0;51.5;0;0;0;
"18-01-2014 12h45";171.59;0;46;0;0;0;
"18-01-2014 13h00";167.58;0;49.6;0;0;0;
"18-01-2014 13h15";169.58;0;50.8;0;0;0;
"18-01-2014 13h30";176.6;0;50.5;0;0;0;
"18-01-2014 13h45";178.61;0;54.7;0;0;0;
"18-01-2014 14h00";161.56;0;46;0;0;0;
"18-01-2014 14h15";166.57;0;45.5;0;0;0;
"18-01-2014 14h30";157.55;0;48.6;0;0;0;
"18-01-2014 14h45";174.6;0;45.3;0;0;0;
"18-01-2014 15h00";174.6;0;47.3;0;0;0;
"18-01-2014 15h15";192.65;0;47.1;0;0;0;
"18-01-2014 15h30";199.67;0;53.8;0;0;0;
"18-01-2014 15h45";213.71;0;55.2;0;0;0;
"18-01-2014 16h00";187.64;0;47.6;0;0;0;
"18-01-2014 16h15";186.63;0;50.5;0;0;0;
"18-01-2014 16h30";179.61;0;48.8;0;0;0;
"18-01-2014 16h45";198.67;0;54.7;0;0;0;
"18-01-2014 17h00";196.66;0;54.5;0;0;0;
"18-01-2014 17h15";187.64;0;49.6;0;0;0;
"18-01-2014 17h30";189.64;0;47.8;0;0;0;
"18-01-2014 17h45";197.67;0;55.6;0;0;0;
"18-01-2014 18h00";195.66;0;55.4;0;0;0;
"18-01-2014 18h15";203.68;0;58.2;0;0;0;
"18-01-2014 18h30";205.69;0;61.4;0;0;0;
"18-01-2014 18h45";198.67;0;57.7;0;0;0;
"18-01-2014 19h00";200.68;0;57.9;0;0;0;
"18-01-2014 19h15";209.7;0;59.8;0;0;0;
"18-01-2014 19h30";206.69;0;61.5;0;0;0;
"18-01-2014 19h45";205.69;0;57.4;0;0;0;
"18-01-2014 20h00";202.68;0;56.1;0;0;0;
"18-01-2014 20h15";193.65;0;46.2;0;0;0;
"18-01-2014 20h30";178.61;0;52.7;0;0;0;
"18-01-2014 20h45";178.61;0;49.7;0;0;0;
"18-01-2014 21h00";185.63;0;48.4;0;0;0;
"18-01-2014 21h15";178.61;0;50.7;0;0;0;
"18-01-2014 21h30";173.59;0;49.2;0;0;0;
"18-01-2014 21h45";171.59;0;49;0;0;0;
"18-01-2014 22h00";183.62;0;52.2;0;0;0;
"18-01-2014 22h15";169.58;0;46.8;0;0;0;
"18-01-2014 22h30";146.51;0;38.5;0;0;0;
"18-01-2014 22h45";133.47;0;36.2;0;0;0;
"18-01-2014 23h00";115.17;0;33.4;0;0;0;
"18-01-2014 23h15";97.15;0;28.6;0;0;0;
"18-01-2014 23h30";99.15;0;26.8;0;0;0;
"18-01-2014 23h45";92.15;0;27.1;0;0;0;
"18-01-2014 00h00";83.14;0;22.2;0;0;0;
"19-01-2014 00h15";77.14;0;19.6;0;0;0;
"19-01-2014 00h30";77.14;0;21.6;0;0;0;
"19-01-2014 00h45";83.14;0;29.2;0;0;0;
"19-01-2014 01h00";77.14;0;24.6;0;0;0;
"19-01-2014 01h15";96.15;0;24.5;0;0;0;
"19-01-2014 01h30";101.16;0;28;0;0;0;
"19-01-2014 01h45";96.15;0;27.5;0;0;0;
"19-01-2014 02h00";90.15;0;22.9;0;0;0;
"19-01-2014 02h15";88.15;0;26.7;0;0;0;
"19-01-2014 02h30";90.15;0;27.9;0;0;0;
"19-01-2014 02h45";111.16;0;28;0;0;0;
"19-01-2014 03h00";99.15;0;27.8;0;0;0;
"19-01-2014 03h15";98.15;0;23.7;0;0;0;
"19-01-2014 03h30";95.15;0;28.4;0;0;0;
"19-01-2014 03h45";107.16;0;30.6;0;0;0;
"19-01-2014 04h00";97.15;0;27.6;0;0;0;
"19-01-2014 04h15";99.15;0;30.8;0;0;0;
"19-01-2014 04h30";95.15;0;31.4;0;0;0;
"19-01-2014 04h45";102.16;0;28.1;0;0;0;
"19-01-2014 05h00";98.15;0;29.7;0;0;0;
"19-01-2014 05h15";98.15;0;31.7;0;0;0;
"19-01-2014 05h30";96.15;0;26.5;0;0;0;
"19-01-2014 05h45";104.16;0;30.3;0;0;0;
"19-01-2014 06h00";100.16;0;31.9;0;0;0;
"19-01-2014 06h15";96.15;0;28.5;0;0;0;
"19-01-2014 06h30";103.16;0;30.2;0;0;0;
"19-01-2014 06h45";113.17;0;32.2;0;0;0;
"19-01-2014 07h00";165.57;0;46.4;0;0;0;
"19-01-2014 07h15";203.68;0;56.2;0;0;0;
"19-01-2014 07h30";171.59;0;46;0;0;0;
"19-01-2014 07h45";188.64;0;51.7;0;0;0;
"19-01-2014 08h00";179.61;0;52.8;0;0;0;
"19-01-2014 08h15";164.57;0;42.3;0;0;0;
"19-01-2014 08h30";157.55;0;43.6;0;0;0;
"19-01-2014 08h45";175.6;0;47.4;0;0;0;
"19-01-2014 09h00";173.59;0;48.2;0;0;0;
"19-01-2014 09h15";187.64;0;53.6;0;0;0;
"19-01-2014 09h30";188.64;0;54.7;0;0;0;
"19-01-2014 09h45";191.65;0;55;0;0;0;
"19-01-2014 10h00";188.64;0;54.7;0;0;0;
"19-01-2014 10h15";186.63;0;53.5;0;0;0;
"19-01-2014 10h30";207.7;0;55.6;0;0;0;
"19-01-2014 10h45";184.63;0;51.3;0;0;0;
"19-01-2014 11h00";193.65;0;55.2;0;0;0;
"19-01-2014 11h15";188.64;0;52.7;0;0;0;
"19-01-2014 11h30";186.63;0;54.5;0;0;0;
"19-01-2014 11h45";182.62;0;52.1;0;0;0;
"19-01-2014 12h00";184.63;0;51.3;0;0;0;
"19-01-2014 12h15";167.58;0;48.6;0;0;0;
"19-01-2014 12h30";180.62;0;48.9;0;0;0;
"19-01-2014 12h45";178.61;0;51.7;0;0;0;
"19-01-2014 13h00";170.59;0;50.9;0;0;0;
"19-01-2014 13h15";174.6;0;53.3;0;0;0;
"19-01-2014 13h30";172.59;0;47.1;0;0;0;
"19-01-2014 13h45";173.59;0;48.2;0;0;0;
"19-01-2014 14h00";172.59;0;48.1;0;0;0;
"19-01-2014 14h15";166.57;0;47.5;0;0;0;
"19-01-2014 14h30";157.55;0;40.6;0;0;0;
"19-01-2014 14h45";178.61;0;48.7;0;0;0;
"19-01-2014 15h00";176.6;0;51.5;0;0;0;
"19-01-2014 15h15";188.64;0;47.7;0;0;0;
"19-01-2014 15h30";183.62;0;51.2;0;0;0;
"19-01-2014 15h45";189.64;0;48.8;0;0;0;
"19-01-2014 16h00";185.63;0;47.4;0;0;0;
"19-01-2014 16h15";178.61;0;51.7;0;0;0;
"19-01-2014 16h30";180.62;0;50.9;0;0;0;
"19-01-2014 16h45";190.65;0;48.9;0;0;0;
"19-01-2014 17h00";184.63;0;52.3;0;0;0;
"19-01-2014 17h15";188.64;0;50.7;0;0;0;
"19-01-2014 17h30";182.62;0;52.1;0;0;0;
"19-01-2014 17h45";190.65;0;46.9;0;0;0;
"19-01-2014 18h00";191.65;0;59;0;0;0;
"19-01-2014 18h15";203.68;0;56.2;0;0;0;
"19-01-2014 18h30";204.69;0;56.3;0;0;0;
"19-01-2014 18h45";189.64;0;54.8;0;0;0;
"19-01-2014 19h00";185.63;0;50.4;0;0;0;
"19-01-2014 19h15";184.63;0;54.3;0;0;0;
"19-01-2014 19h30";196.66;0;57.5;0;0;0;
"19-01-2014 19h45";192.65;0;54.1;0;0;0;
"19-01-2014 20h00";183.62;0;52.2;0;0;0;
"19-01-2014 20h15";176.6;0;48.5;0;0;0;
"19-01-2014 20h30";167.58;0;50.6;0;0;0;
"19-01-2014 20h45";169.58;0;48.8;0;0;0;
"19-01-2014 21h00";170.59;0;46.9;0;0;0;
"19-01-2014 21h15";167.58;0;50.6;0;0;0;
"19-01-2014 21h30";173.59;0;51.2;0;0;0;
"19-01-2014 21h45";164.57;0;49.3;0;0;0;
"19-01-2014 22h00";170.59;0;51.9;0;0;0;
"19-01-2014 22h15";156.54;0;45.5;0;0;0;
"19-01-2014 22h30";123.17;0;35.2;0;0;0;
"19-01-2014 22h45";123.17;0;30.2;0;0;0;
"19-01-2014 23h00";110.16;0;30.9;0;0;0;
"19-01-2014 23h15";94.15;0;26.3;0;0;0;
"19-01-2014 23h30";95.15;0;27.4;0;0;0;
"19-01-2014 23h45";94.15;0;28.3;0;0;0;
"19-01-2014 00h00";82.14;0;26.1;0;0;0;
"20-01-2014 00h15";75.14;0;21.4;0;0;0;
"20-01-2014 00h30";87.14;0;23.6;0;0;0;
"20-01-2014 00h45";83.14;0;24.2;0;0;0;
"20-01-2014 01h00";81.14;0;27;0;0;0;
"20-01-2014 01h15";83.14;0;26.2;0;0;0;
"20-01-2014 01h30";84.14;0;26.3;0;0;0;
"20-01-2014 01h45";80.14;0;21.9;0;0;0;
"20-01-2014 02h00";80.14;0;27.9;0;0;0;
"20-01-2014 02h15";80.14;0;23.9;0;0;0;
"20-01-2014 02h30";76.14;0;20.5;0;0;0;
"20-01-2014 02h45";94.15;0;29.3;0;0;0;
"20-01-2014 03h00";80.14;0;25.9;0;0;0;
"20-01-2014 03h15";81.14;0;23;0;0;0;
"20-01-2014 03h30";75.14;0;21.4;0;0;0;
"20-01-2014 03h45";92.15;0;27.1;0;0;0;
"20-01-2014 04h00";83.14;0;24.2;0;0;0;
"20-01-2014 04h15";79.14;0;24.8;0;0;0;
"20-01-2014 04h30";79.14;0;25.8;0;0;0;
"20-01-2014 04h45";86.14;0;23.5;0;0;0;
"20-01-2014 05h00";82.14;0;28.1;0;0;0;
"20-01-2014 05h15";79.14;0;22.8;0;0;0;
"20-01-2014 05h30";80.14;0;24.9;0;0;0;
"20-01-2014 05h45";92.15;0;27.1;0;0;0;
"20-01-2014 06h00";85.14;0;26.4;0;0;0;
"20-01-2014 06h15";77.14;0;23.6;0;0;0;
"20-01-2014 06h30";90.15;0;24.9;0;0;0;
"20-01-2014 06h45";98.15;0;27.7;0;0;0;
"20-01-2014 07h00";124.17;0;33.3;0;0;0;
"20-01-2014 07h15";154.54;0;40.3;0;0;0;
"20-01-2014 07h30";148.52;0;41.7;0;0;0;
"20-01-2014 07h45";189.64;0;53.8;0;0;0;
"20-01-2014 08h00";189.64;0;50.8;0;0;0;
"20-01-2014 08h15";175.6;0;45.4;0;0;0;
"20-01-2014 08h30";171.59;0;48;0;0;0;
"20-01-2014 08h45";183.62;0;51.2;0;0;0;
"20-01-2014 09h00";195.66;0;58.4;0;0;0;
"20-01-2014 09h15";186.63;0;53.5;0;0;0;
"20-01-2014 09h30";193.65;0;50.2;0;0;0;
"20-01-2014 09h45";200.68;0;53.9;0;0;0;
"20-01-2014 10h00";217.73;0;63.6;0;0;0;
"20-01-2014 10h15";202.68;0;59.1;0;0;0;
"20-01-2014 10h30";201.68;0;56;0;0;0;
"20-01-2014 10h45";221.74;0;64;0;0;0;
"20-01-2014 11h00";215.72;0;66.4;0;0;0;
"20-01-2014 11h15";214.72;0;56.3;0;0;0;
"20-01-2014 11h30";197.67;0;52.6;0;0;0;
"20-01-2014 11h45";189.64;0;53.8;0;0;0;
"20-01-2014 12h00";184.63;0;52.3;0;0;0;
"20-01-2014 12h15";164.57;0;45.3;0;0;0;
"20-01-2014 12h30";172.59;0;48.1;0;0;0;
"20-01-2014 12h45";167.58;0;50.6;0;0;0;
"20-01-2014 13h00";168.58;0;48.7;0;0;0;
"20-01-2014 13h15";167.58;0;50.6;0;0;0;
"20-01-2014 13h30";172.59;0;55.1;0;0;0;
"20-01-2014 13h45";164.57;0;46.3;0;0;0;
"20-01-2014 14h00";177.61;0;48.6;0;0;0;
"20-01-2014 14h15";174.6;0;47.3;0;0;0;
"20-01-2014 14h30";167.58;0;48.6;0;0;0;
"20-01-2014 14h45";181.62;0;53;0;0;0;
"20-01-2014 15h00";167.58;0;48.6;0;0;0;
"20-01-2014 15h15";168.58;0;50.7;0;0;0;
"20-01-2014 15h30";171.59;0;48;0;0;0;
"20-01-2014 15h45";181.62;0;47;0;0;0;
"20-01-2014 16h00";175.6;0;41.4;0;0;0;
"20-01-2014 16h15";172.59;0;49.1;0;0;0;
"20-01-2014 16h30";176.6;0;46.5;0;0;0;
"20-01-2014 16h45";183.62;0;50.2;0;0;0;
"20-01-2014 17h00";180.62;0;48.9;0;0;0;
"20-01-2014 17h15";179.61;0;48.8;0;0;0;
"20-01-2014 17h30";173.59;0;49.2;0;0;0;
"20-01-2014 17h45";185.63;0;54.4;0;0;0;
"20-01-2014 18h00";190.65;0;54.9;0;0;0;
"20-01-2014 18h15";207.7;0;58.6;0;0;0;
"20-01-2014 18h30";213.71;0;60.2;0;0;0;
"20-01-2014 18h45";203.68;0;59.2;0;0;0;
"20-01-2014 19h00";196.66;0;56.5;0;0;0;
"20-01-2014 19h15";199.67;0;54.8;0;0;0;
"20-01-2014 19h30";198.67;0;54.7;0;0;0;
"20-01-2014 19h45";205.69;0;62.4;0;0;0;
"20-01-2014 20h00";186.63;0;53.5;0;0;0;
"20-01-2014 20h15";171.59;0;49;0;0;0;
"20-01-2014 20h30";170.59;0;51.9;0;0;0;
"20-01-2014 20h45";180.62;0;55.9;0;0;0;
"20-01-2014 21h00";174.6;0;50.3;0;0;0;
"20-01-2014 21h15";181.62;0;56;0;0;0;
"20-01-2014 21h30";178.61;0;53.7;0;0;0;
"20-01-2014 21h45";174.6;0;48.3;0;0;0;
"20-01-2014 22h00";171.59;0;54;0;0;0;
"20-01-2014 22h15";159.55;0;44.8;0;0;0;
"20-01-2014 22h30";146.51;0;41.5;0;0;0;
"20-01-2014 22h45";134.48;0;37.3;0;0;0;
"20-01-2014 23h00";122.17;0;34.1;0;0;0;
"20-01-2014 23h15";103.16;0;28.2;0;0;0;
"20-01-2014 23h30";97.15;0;30.6;0;0;0;
"20-01-2014 23h45";92.15;0;27.1;0;0;0;
"20-01-2014 00h00";90.15;0;25.9;0;0;0;
"21-01-2014 00h15";77.14;0;17.6;0;0;0;
"21-01-2014 00h30";81.14;0;22;0;0;0;
"21-01-2014 00h45";81.14;0;26;0;0;0;
"21-01-2014 01h00";81.14;0;30;0;0;0;
"21-01-2014 01h15";93.15;0;26.2;0;0;0;
"21-01-2014 01h30";96.15;0;26.5;0;0;0;
"21-01-2014 01h45";99.15;0;27.8;0;0;0;
"21-01-2014 02h00";96.15;0;31.5;0;0;0;
"21-01-2014 02h15";98.15;0;30.7;0;0;0;
"21-01-2014 02h30";87.14;0;28.6;0;0;0;
"21-01-2014 02h45";102.16;0;31.1;0;0;0;
"21-01-2014 03h00";93.15;0;26.2;0;0;0;
"21-01-2014 03h15";93.15;0;26.2;0;0;0;
"21-01-2014 03h30";89.15;0;26.8;0;0;0;
"21-01-2014 03h45";108.16;0;34.7;0;0;0;
"21-01-2014 04h00";99.15;0;28.8;0;0;0;
"21-01-2014 04h15";96.15;0;28.5;0;0;0;
"21-01-2014 04h30";94.15;0;27.3;0;0;0;
"21-01-2014 04h45";95.15;0;29.4;0;0;0;
"21-01-2014 05h00";90.15;0;21.9;0;0;0;
"21-01-2014 05h15";90.15;0;28.9;0;0;0;
"21-01-2014 05h30";95.15;0;22.4;0;0;0;
"21-01-2014 05h45";105.16;0;29.4;0;0;0;
"21-01-2014 06h00";95.15;0;27.4;0;0;0;
"21-01-2014 06h15";92.15;0;25.1;0;0;0;
"21-01-2014 06h30";98.15;0;25.7;0;0;0;
"21-01-2014 06h45";110.16;0;29.9;0;0;0;
"21-01-2014 07h00";117.17;0;32.6;0;0;0;
"21-01-2014 07h15";195.66;0;51.4;0;0;0;
"21-01-2014 07h30";184.63;0;52.3;0;0;0;
"21-01-2014 07h45";183.62;0;47.2;0;0;0;
"21-01-2014 08h00";182.62;0;51.1;0;0;0;
"21-01-2014 08h15";165.57;0;46.4;0;0;0;
"21-01-2014 08h30";149.52;0;41.8;0;0;0;
"21-01-2014 08h45";170.59;0;47.9;0;0;0;
"21-01-2014 09h00";184.63;0;51.3;0;0;0;
"21-01-2014 09h15";181.62;0;54;0;0;0;
"21-01-2014 09h30";186.63;0;54.5;0;0;0;
"21-01-2014 09h45";194.66;0;52.3;0;0;0;
"21-01-2014 10h00";199.67;0;50.8;0;0;0;
"21-01-2014 10h15";195.66;0;50.4;0;0;0;
"21-01-2014 10h30";187.64;0;52.6;0;0;0;
"21-01-2014 10h45";179.61;0;49.8;0;0;0;
"21-01-2014 11h00";182.62;0;55.1;0;0;0;
"21-01-2014 11h15";175.6;0;51.4;0;0;0;
"21-01-2014 11h30";180.62;0;53.9;0;0;0;
"21-01-2014 11h45";190.65;0;50.9;0;0;0;
"21-01-2014 12h00";186.63;0;54.5;0;0;0;
"21-01-2014 12h15";157.55;0;41.6;0;0;0;
"21-01-2014 12h30";180.62;0;53.9;0;0;0;
"21-01-2014 12h45";178.61;0;53.7;0;0;0;
"21-01-2014 13h00";173.59;0;51.2;0;0;0;
"21-01-2014 13h15";188.64;0;57.7;0;0;0;
"21-01-2014 13h30";182.62;0;53.1;0;0;0;
"21-01-2014 13h45";183.62;0;51.2;0;0;0;
"21-01-2014 14h00";182.62;0;51.1;0;0;0;
"21-01-2014 14h15";169.58;0;48.8;0;0;0;
"21-01-2014 14h30";178.61;0;53.7;0;0;0;
"21-01-2014 14h45";193.65;0;51.2;0;0;0;
"21-01-2014 15h00";180.62;0;55.9;0;0;0;
"21-01-2014 15h15";182.62;0;47.1;0;0;0;
"21-01-2014 15h30";177.61;0;46.6;0;0;0;
"21-01-2014 15h45";188.64;0;48.7;0;0;0;
"21-01-2014 16h00";185.63;0;48.4;0;0;0;
"21-01-2014 16h15";171.59;0;47;0;0;0;
"21-01-2014 16h30";172.59;0;49.1;0;0;0;
"21-01-2014 16h45";189.64;0;51.8;0;0;0;
"21-01-2014 17h00";182.62;0;50.1;0;0;0;
"21-01-2014 17h15";184.63;0;48.3;0;0;0;
"21-01-2014 17h30";185.63;0;43.4;0;0;0;
"21-01-2014 17h45";197.67;0;56.6;0;0;0;
"21-01-2014 18h00";199.67;0;57.8;0;0;0;
"21-01-2014 18h15";196.66;0;54.5;0;0;0;
"21-01-2014 18h30";204.69;0;54.3;0;0;0;
"21-01-2014 18h45";207.7;0;61.6;0;0;0;
"21-01-2014 19h00";195.66;0;56.4;0;0;0;
"21-01-2014 19h15";194.66;0;56.3;0;0;0;
"21-01-2014 19h30";186.63;0;53.5;0;0;0;
"21-01-2014 19h45";208.7;0;59.7;0;0;0;
"21-01-2014 20h00";207.7;0;56.6;0;0;0;
"21-01-2014 20h15";188.64;0;52.7;0;0;0;
"21-01-2014 20h30";185.63;0;52.4;0;0;0;
"21-01-2014 20h45";180.62;0;51.9;0;0;0;
"21-01-2014 21h00";181.62;0;51;0;0;0;
"21-01-2014 21h15";173.59;0;51.2;0;0;0;
"21-01-2014 21h30";186.63;0;53.5;0;0;0;
"21-01-2014 21h45";187.64;0;53.6;0;0;0;
"21-01-2014 22h00";179.61;0;55.8;0;0;0;
"21-01-2014 22h15";168.58;0;47.7;0;0;0;
"21-01-2014 22h30";153.53;0;40.2;0;0;0;
"21-01-2014 22h45";136.48;0;41.5;0;0;0;
"21-01-2014 23h00";125.18;0;36.4;0;0;0;
"21-01-2014 23h15";104.16;0;33.3;0;0;0;
"21-01-2014 23h30";92.15;0;28.1;0;0;0;
"21-01-2014 23h45";93.15;0;25.2;0;0;0;
"21-01-2014 00h00";83.14;0;25.2;0;0;0;
"22-01-2014 00h15";76.14;0;22.5;0;0;0;
"22-01-2014 00h30";86.14;0;27.5;0;0;0;
"22-01-2014 00h45";77.14;0;28.6;0;0;0;
"22-01-2014 01h00";84.14;0;30.3;0;0;0;
"22-01-2014 01h15";94.15;0;26.3;0;0;0;
"22-01-2014 01h30";89.15;0;26.8;0;0;0;
"22-01-2014 01h45";96.15;0;27.5;0;0;0;
"22-01-2014 02h00";92.15;0;24.1;0;0;0;
"22-01-2014 02h15";92.15;0;25.1;0;0;0;
"22-01-2014 02h30";90.15;0;23.9;0;0;0;
"22-01-2014 02h45";103.16;0;31.2;0;0;0;
"22-01-2014 03h00";94.15;0;25.3;0;0;0;
"22-01-2014 03h15";92.15;0;26.1;0;0;0;
"22-01-2014 03h30";89.15;0;28.8;0;0;0;
"22-01-2014 03h45";101.16;0;27;0;0;0;
"22-01-2014 04h00";93.15;0;27.2;0;0;0;
"22-01-2014 04h15";96.15;0;29.5;0;0;0;
"22-01-2014 04h30";94.15;0;24.3;0;0;0;
"22-01-2014 04h45";98.15;0;26.7;0;0;0;
"22-01-2014 05h00";92.15;0;26.1;0;0;0;
"22-01-2014 05h15";95.15;0;30.4;0;0;0;
"22-01-2014 05h30";97.15;0;28.6;0;0;0;
"22-01-2014 05h45";100.16;0;27.9;0;0;0;
"22-01-2014 06h00";97.15;0;28.6;0;0;0;
"22-01-2014 06h15";92.15;0;25.1;0;0;0;
"22-01-2014 06h30";96.15;0;27.5;0;0;0;
"22-01-2014 06h45";108.16;0;29.7;0;0;0;
"22-01-2014 07h00";131.47;0;36;0;0;0;
"22-01-2014 07h15";170.59;0;47.9;0;0;0;
"22-01-2014 07h30";166.57;0;50.5;0;0;0;
"22-01-2014 07h45";187.64;0;53.6;0;0;0;
"22-01-2014 08h00";165.57;0;46.4;0;0;0;
"22-01-2014 08h15";177.61;0;45.6;0;0;0;
"22-01-2014 08h30";154.54;0;44.3;0;0;0;
"22-01-2014 08h45";192.65;0;57.1;0;0;0;
"22-01-2014 09h00";189.64;0;57.8;0;0;0;
"22-01-2014 09h15";183.62;0;56.2;0;0;0;
"22-01-2014 09h30";185.63;0;56.4;0;0;0;
"22-01-2014 09h45";196.66;0;53.5;0;0;0;
"22-01-2014 10h00";198.67;0;61.7;0;0;0;
"22-01-2014 10h15";179.61;0;53.8;0;0;0;
"22-01-2014 10h30";186.63;0;55.5;0;0;0;
"22-01-2014 10h45";180.62;0;50.9;0;0;0;
"22-01-2014 11h00";182.62;0;54.1;0;0;0;
"22-01-2014 11h15";180.62;0;52.9;0;0;0;
"22-01-2014 11h30";181.62;0;50;0;0;0;
"22-01-2014 11h45";186.63;0;53.5;0;0;0;
"22-01-2014 12h00";181.62;0;51;0;0;0;
"22-01-2014 12h15";165.57;0;45.4;0;0;0;
"22-01-2014 12h30";174.6;0;47.3;0;0;0;
"22-01-2014 12h45";175.6;0;49.4;0;0;0;
"22-01-2014 13h00";168.58;0;44.7;0;0;0;
"22-01-2014 13h15";170.59;0;47.9;0;0;0;
"22-01-2014 13h30";169.58;0;45.8;0;0;0;
"22-01-2014 13h45";172.59;0;51.1;0;0;0;
"22-01-2014 14h00";169.58;0;48.8;0;0;0;
"22-01-2014 14h15";160.56;0;42.9;0;0;0;
"22-01-2014 14h30";162.56;0;46.1;0;0;0;
"22-01-2014 14h45";172.59;0;49.1;0;0;0;
"22-01-2014 15h00";165.57;0;50.4;0;0;0;
"22-01-2014 15h15";170.59;0;46.9;0;0;0;
"22-01-2014 15h30";173.59;0;50.2;0;0;0;
"22-01-2014 15h45";182.62;0;51.1;0;0;0;
"22-01-2014 16h00";177.61;0;48.6;0;0;0;
"22-01-2014 16h15";166.57;0;48.5;0;0;0;
"22-01-2014 16h30";175.6;0;53.4;0;0;0;
"22-01-2014 16h45";181.62;0;53;0;0;0;
"22-01-2014 17h00";177.61;0;53.6;0;0;0;
"22-01-2014 17h15";178.61;0;48.7;0;0;0;
"22-01-2014 17h30";174.6;0;45.3;0;0;0;
"22-01-2014 17h45";189.64;0;54.8;0;0;0;
"22-01-2014 18h00";194.66;0;55.3;0;0;0;
"22-01-2014 18h15";192.65;0;53.1;0;0;0;
"22-01-2014 18h30";201.68;0;59;0;0;0;
"22-01-2014 18h45";199.67;0;59.8;0;0;0;
"22-01-2014 19h00";207.7;0;56.6;0;0;0;
"22-01-2014 19h15";208.7;0;58.7;0;0;0;
"22-01-2014 19h30";191.65;0;54;0;0;0;
"22-01-2014 19h45";197.67;0;57.6;0;0;0;
"22-01-2014 20h00";199.67;0;54.8;0;0;0;
"22-01-2014 20h15";193.65;0;57.2;0;0;0;
"22-01-2014 20h30";179.61;0;50.8;0;0;0;
"22-01-2014 20h45";174.6;0;53.3;0;0;0;
"22-01-2014 21h00";182.62;0;54.1;0;0;0;
"22-01-2014 21h15";184.63;0;56.3;0;0;0;
"22-01-2014 21h30";176.6;0;52.5;0;0;0;
"22-01-2014 21h45";180.62;0;50.9;0;0;0;
"22-01-2014 22h00";179.61;0;50.8;0;0;0;
"22-01-2014 22h15";166.57;0;47.5;0;0;0;
"22-01-2014 22h30";140.5;0;36.9;0;0;0;
"22-01-2014 22h45";131.47;0;43;0;0;0;
"22-01-2014 23h00";119.17;0;34.8;0;0;0;
"22-01-2014 23h15";94.15;0;28.3;0;0;0;
"22-01-2014 23h30";87.14;0;28.6;0;0;0;
"22-01-2014 23h45";89.15;0;27.8;0;0;0;
"22-01-2014 00h00";79.14;0;23.8;0;0;0;
"23-01-2014 00h15";76.14;0;21.5;0;0;0;
"23-01-2014 00h30";84.14;0;28.3;0;0;0;
"23-01-2014 00h45";76.14;0;23.5;0;0;0;
"23-01-2014 01h00";79.14;0;26.8;0;0;0;
"23-01-2014 01h15";88.15;0;26.7;0;0;0;
"23-01-2014 01h30";93.15;0;25.2;0;0;0;
"23-01-2014 01h45";92.15;0;27.1;0;0;0;
"23-01-2014 02h00";93.15;0;30.2;0;0;0;
"23-01-2014 02h15";89.15;0;25.8;0;0;0;
"23-01-2014 02h30";90.15;0;27.9;0;0;0;
"23-01-2014 02h45";107.16;0;32.6;0;0;0;
"23-01-2014 03h00";96.15;0;26.5;0;0;0;
"23-01-2014 03h15";90.15;0;27.9;0;0;0;
"23-01-2014 03h30";92.15;0;32.1;0;0;0;
"23-01-2014 03h45";103.16;0;31.2;0;0;0;
"23-01-2014 04h00";95.15;0;29.4;0;0;0;
"23-01-2014 04h15";93.15;0;26.2;0;0;0;
"23-01-2014 04h30";92.15;0;26.1;0;0;0;
"23-01-2014 04h45";103.16;0;35.2;0;0;0;
"23-01-2014 05h00";89.15;0;26.8;0;0;0;
"23-01-2014 05h15";93.15;0;27.2;0;0;0;
"23-01-2014 05h30";94.15;0;25.3;0;0;0;
"23-01-2014 05h45";98.15;0;28.7;0;0;0;
"23-01-2014 06h00";97.15;0;29.6;0;0;0;
"23-01-2014 06h15";92.15;0;27.1;0;0;0;
"23-01-2014 06h30";96.15;0;25.5;0;0;0;
"23-01-2014 06h45";106.16;0;29.5;0;0;0;
"23-01-2014 07h00";140.5;0;35.9;0;0;0;
"23-01-2014 07h15";206.69;0;57.5;0;0;0;
"23-01-2014 07h30";185.63;0;51.4;0;0;0;
"23-01-2014 07h45";195.66;0;56.4;0;0;0;
"23-01-2014 08h00";163.56;0;45.2;0;0;0;
"23-01-2014 08h15";173.59;0;51.2;0;0;0;
"23-01-2014 08h30";147.52;0;43.6;0;0;0;
"23-01-2014 08h45";180.62;0;54.9;0;0;0;
"23-01-2014 09h00";180.62;0;55.9;0;0;0;
"23-01-2014 09h15";177.61;0;51.6;0;0;0;
"23-01-2014 09h30";189.64;0;54.8;0;0;0;
"23-01-2014 09h45";195.66;0;52.4;0;0;0;
"23-01-2014 10h00";208.7;0;62.7;0;0;0;
"23-01-2014 10h15";202.68;0;57.1;0;0;0;
"23-01-2014 10h30";192.65;0;51.1;0;0;0;
"23-01-2014 10h45";182.62;0;54.1;0;0;0;
"23-01-2014 11h00";166.57;0;43.5;0;0;0;
"23-01-2014 11h15";183.62;0;51.2;0;0;0;
"23-01-2014 11h30";174.6;0;50.3;0;0;0;
"23-01-2014 11h45";187.64;0;51.6;0;0;0;
"23-01-2014 12h00";181.62;0;46;0;0;0;
"23-01-2014 12h15";152.53;0;46.1;0;0;0;
"23-01-2014 12h30";159.55;0;46.8;0;0;0;
"23-01-2014 12h45";158.55;0;45.7;0;0;0;
"23-01-2014 13h00";155.54;0;43.4;0;0;0;
"23-01-2014 13h15";155.54;0;44.4;0;0;0;
"23-01-2014 13h30";158.55;0;44.7;0;0;0;
"23-01-2014 13h45";162.56;0;49.1;0;0;0;
"23-01-2014 14h00";162.56;0;47.1;0;0;0;
"23-01-2014 14h15";165.57;0;49.4;0;0;0;
"23-01-2014 14h30";168.58;0;48.7;0;0;0;
"23-01-2014 14h45";179.61;0;51.8;0;0;0;
"23-01-2014 15h00";166.57;0;47.5;0;0;0;
"23-01-2014 15h15";174.6;0;50.3;0;0;0;
"23-01-2014 15h30";168.58;0;49.7;0;0;0;
"23-01-2014 15h45";188.64;0;55.7;0;0;0;
"23-01-2014 16h00";180.62;0;49.9;0;0;0;
"23-01-2014 16h15";193.65;0;57.2;0;0;0;
"23-01-2014 16h30";184.63;0;50.3;0;0;0;
"23-01-2014 16h45";186.63;0;56.5;0;0;0;
"23-01-2014 17h00";178.61;0;51.7;0;0;0;
"23-01-2014 17h15";181.62;0;53;0;0;0;
"23-01-2014 17h30";188.64;0;53.7;0;0;0;
"23-01-2014 17h45";189.64;0;52.8;0;0;0;
"23-01-2014 18h00";187.64;0;56.6;0;0;0;
"23-01-2014 18h15";205.69;0;57.4;0;0;0;
"23-01-2014 18h30";211.71;0;58;0;0;0;
"23-01-2014 18h45";204.69;0;56.3;0;0;0;
"23-01-2014 19h00";197.67;0;56.6;0;0;0;
"23-01-2014 19h15";199.67;0;52.8;0;0;0;
"23-01-2014 19h30";192.65;0;54.1;0;0;0;
"23-01-2014 19h45";194.66;0;56.3;0;0;0;
"23-01-2014 20h00";184.63;0;52.3;0;0;0;
"23-01-2014 20h15";187.64;0;52.6;0;0;0;
"23-01-2014 20h30";177.61;0;49.6;0;0;0;
"23-01-2014 20h45";168.58;0;49.7;0;0;0;
"23-01-2014 21h00";186.63;0;55.5;0;0;0;
"23-01-2014 21h15";175.6;0;49.4;0;0;0;
"23-01-2014 21h30";178.61;0;52.7;0;0;0;
"23-01-2014 21h45";176.6;0;52.5;0;0;0;
"23-01-2014 22h00";176.6;0;52.5;0;0;0;
"23-01-2014 22h15";162.56;0;45.1;0;0;0;
"23-01-2014 22h30";148.52;0;42.7;0;0;0;
"23-01-2014 22h45";127.46;0;40.6;0;0;0;
"23-01-2014 23h00";122.17;0;36.1;0;0;0;
"23-01-2014 23h15";95.15;0;28.4;0;0;0;
"23-01-2014 23h30";93.15;0;28.2;0;0;0;
"23-01-2014 23h45";91.15;0;27;0;0;0;
"23-01-2014 00h00";88.15;0;29.7;0;0;0;
"24-01-2014 00h15";79.14;0;22.8;0;0;0;
"24-01-2014 00h30";79.14;0;25.8;0;0;0;
"24-01-2014 00h45";82.14;0;28.1;0;0;0;
"24-01-2014 01h00";79.14;0;23.8;0;0;0;
"24-01-2014 01h15";95.15;0;30.4;0;0;0;
"24-01-2014 01h30";97.15;0;29.6;0;0;0;
"24-01-2014 01h45";97.15;0;27.6;0;0;0;
"24-01-2014 02h00";92.15;0;29.1;0;0;0;
"24-01-2014 02h15";92.15;0;32.1;0;0;0;
"24-01-2014 02h30";90.15;0;29.9;0;0;0;
"24-01-2014 02h45";107.16;0;34.6;0;0;0;
"24-01-2014 03h00";101.16;0;33;0;0;0;
"24-01-2014 03h15";94.15;0;29.3;0;0;0;
"24-01-2014 03h30";92.15;0;31.1;0;0;0;
"24-01-2014 03h45";101.16;0;31;0;0;0;
"24-01-2014 04h00";101.16;0;31;0;0;0;
"24-01-2014 04h15";93.15;0;28.2;0;0;0;
"24-01-2014 04h30";91.15;0;26;0;0;0;
"24-01-2014 04h45";100.16;0;33.9;0;0;0;
"24-01-2014 05h00";95.15;0;31.4;0;0;0;
"24-01-2014 05h15";92.15;0;26.1;0;0;0;
"24-01-2014 05h30";93.15;0;28.2;0;0;0;
"24-01-2014 05h45";104.16;0;32.3;0;0;0;
"24-01-2014 06h00";94.15;0;28.3;0;0;0;
"24-01-2014 06h15";94.15;0;27.3;0;0;0;
"24-01-2014 06h30";92.15;0;28.1;0;0;0;
"24-01-2014 06h45";110.16;0;30.9;0;0;0;
"24-01-2014 07h00";154.54;0;43.3;0;0;0;
"24-01-2014 07h15";208.7;0;57.7;0;0;0;
"24-01-2014 07h30";207.7;0;56.6;0;0;0;
"24-01-2014 07h45";197.67;0;56.6;0;0;0;
"24-01-2014 08h00";196.66;0;55.5;0;0;0;
"24-01-2014 08h15";166.57;0;44.5;0;0;0;
"24-01-2014 08h30";175.6;0;50.4;0;0;0;
"24-01-2014 08h45";186.63;0;55.5;0;0;0;
"24-01-2014 09h00";186.63;0;54.5;0;0;0;
"24-01-2014 09h15";188.64;0;58.7;0;0;0;
"24-01-2014 09h30";194.66;0;56.3;0;0;0;
"24-01-2014 09h45";201.68;0;56;0;0;0;
"24-01-2014 10h00";203.68;0;54.2;0;0;0;
"24-01-2014 10h15";191.65;0;55;0;0;0;
"24-01-2014 10h30";184.63;0;53.3;0;0;0;
"24-01-2014 10h45";183.62;0;53.2;0;0;0;
"24-01-2014 11h00";180.62;0;51.9;0;0;0;
"24-01-2014 11h15";180.62;0;55.9;0;0;0;
"24-01-2014 11h30";179.61;0;53.8;0;0;0;
"24-01-2014 11h45";199.67;0;55.8;0;0;0;
"24-01-2014 12h00";188.64;0;51.7;0;0;0;
"24-01-2014 12h15";185.63;0;49.4;0;0;0;
"24-01-2014 12h30";169.58;0;48.8;0;0;0;
"24-01-2014 12h45";154.54;0;43.3;0;0;0;
"24-01-2014 13h00";158.55;0;47.7;0;0;0;
"24-01-2014 13h15";155.54;0;42.4;0;0;0;
"24-01-2014 13h30";161.56;0;48;0;0;0;
"24-01-2014 13h45";167.58;0;47.6;0;0;0;
"24-01-2014 14h00";159.55;0;44.8;0;0;0;
"24-01-2014 14h15";161.56;0;45;0;0;0;
"24-01-2014 14h30";158.55;0;42.7;0;0;0;
"24-01-2014 14h45";170.59;0;51.9;0;0;0;
"24-01-2014 15h00";165.57;0;48.4;0;0;0;
"24-01-2014 15h15";166.57;0;48.5;0;0;0;
"24-01-2014 15h30";169.58;0;49.8;0;0;0;
"24-01-2014 15h45";179.61;0;52.8;0;0;0;
"24-01-2014 16h00";171.59;0;51;0;0;0;
"24-01-2014 16h15";175.6;0;53.4;0;0;0;
"24-01-2014 16h30";186.63;0;54.5;0;0;0;
"24-01-2014 16h45";184.63;0;57.3;0;0;0;
"24-01-2014 17h00";183.62;0;52.2;0;0;0;
"24-01-2014 17h15";182.62;0;51.1;0;0;0;
"24-01-2014 17h30";183.62;0;56.2;0;0;0;
"24-01-2014 17h45";196.66;0;53.5;0;0;0;
"24-01-2014 18h00";189.64;0;53.8;0;0;0;
"24-01-2014 18h15";197.67;0;55.6;0;0;0;
"24-01-2014 18h30";211.71;0;62;0;0;0;
"24-01-2014 18h45";204.69;0;57.3;0;0;0;
"24-01-2014 19h00";204.69;0;58.3;0;0;0;
"24-01-2014 19h15";201.68;0;54;0;0;0;
"24-01-2014 19h30";198.67;0;55.7;0;0;0;
"24-01-2014 19h45";196.66;0;59.5;0;0;0;
"24-01-2014 20h00";191.65;0;58;0;0;0;
"24-01-2014 20h15";198.67;0;55.7;0;0;0;
"24-01-2014 20h30";185.63;0;55.4;0;0;0;
"24-01-2014 20h45";176.6;0;51.5;0;0;0;
"24-01-2014 21h00";176.6;0;50.5;0;0;0;
"24-01-2014 21h15";177.61;0;50.6;0;0;0;
"24-01-2014 21h30";176.6;0;50.5;0;0;0;
"24-01-2014 21h45";181.62;0;53;0;0;0;
"24-01-2014 22h00";183.62;0;54.2;0;0;0;
"24-01-2014 22h15";172.59;0;46.1;0;0;0;
"24-01-2014 22h30";141.5;0;42;0;0;0;
"24-01-2014 22h45";128.46;0;39.7;0;0;0;
"24-01-2014 23h00";115.17;0;32.4;0;0;0;
"24-01-2014 23h15";96.15;0;31.5;0;0;0;
"24-01-2014 23h30";92.15;0;31.1;0;0;0;
"24-01-2014 23h45";87.14;0;25.6;0;0;0;
"24-01-2014 00h00";83.14;0;26.2;0;0;0;
"25-01-2014 00h15";76.14;0;21.5;0;0;0;
"25-01-2014 00h30";78.14;0;21.7;0;0;0;
"25-01-2014 00h45";80.14;0;26.9;0;0;0;
"25-01-2014 01h00";78.14;0;21.7;0;0;0;
"25-01-2014 01h15";89.15;0;27.8;0;0;0;
"25-01-2014 01h30";95.15;0;28.4;0;0;0;
"25-01-2014 01h45";87.14;0;25.6;0;0;0;
"25-01-2014 02h00";83.14;0;25.2;0;0;0;
"25-01-2014 02h15";90.15;0;24.9;0;0;0;
"25-01-2014 02h30";89.15;0;25.8;0;0;0;
"25-01-2014 02h45";99.15;0;25.8;0;0;0;
"25-01-2014 03h00";93.15;0;30.2;0;0;0;
"25-01-2014 03h15";90.15;0;26.9;0;0;0;
"25-01-2014 03h30";88.15;0;26.7;0;0;0;
"25-01-2014 03h45";99.15;0;28.8;0;0;0;
"25-01-2014 04h00";93.15;0;28.2;0;0;0;
"25-01-2014 04h15";89.15;0;24.8;0;0;0;
"25-01-2014 04h30";88.15;0;28.7;0;0;0;
"25-01-2014 04h45";98.15;0;30.7;0;0;0;
"25-01-2014 05h00";93.15;0;27.2;0;0;0;
"25-01-2014 05h15";90.15;0;27.9;0;0;0;
"25-01-2014 05h30";88.15;0;25.7;0;0;0;
"25-01-2014 05h45";100.16;0;31.9;0;0;0;
"25-01-2014 06h00";92.15;0;27.1;0;0;0;
"25-01-2014 06h15";91.15;0;25;0;0;0;
"25-01-2014 06h30";96.15;0;28.5;0;0;0;
"25-01-2014 06h45";113.17;0;34.2;0;0;0;
"25-01-2014 07h00";166.57;0;42.5;0;0;0;
"25-01-2014 07h15";211.71;0;57;0;0;0;
"25-01-2014 07h30";178.61;0;51.7;0;0;0;
"25-01-2014 07h45";202.68;0;56.1;0;0;0;
"25-01-2014 08h00";192.65;0;53.1;0;0;0;
"25-01-2014 08h15";188.64;0;52.7;0;0;0;
"25-01-2014 08h30";166.57;0;48.5;0;0;0;
"25-01-2014 08h45";171.59;0;48;0;0;0;
"25-01-2014 09h00";179.61;0;51.8;0;0;0;
"25-01-2014 09h15";188.64;0;51.7;0;0;0;
"25-01-2014 09h30";197.67;0;55.6;0;0;0;
"25-01-2014 09h45";201.68;0;54;0;0;0;
"25-01-2014 10h00";199.67;0;49.8;0;0;0;
"25-01-2014 10h15";194.66;0;55.3;0;0;0;
"25-01-2014 10h30";187.64;0;56.6;0;0;0;
"25-01-2014 10h45";193.65;0;54.2;0;0;0;
"25-01-2014 11h00";197.67;0;57.6;0;0;0;
"25-01-2014 11h15";196.66;0;55.5;0;0;0;
"25-01-2014 11h30";197.67;0;54.6;0;0;0;
"25-01-2014 11h45";197.67;0;55.6;0;0;0;
"25-01-2014 12h00";200.68;0;56.9;0;0;0;
"25-01-2014 12h15";194.66;0;57.3;0;0;0;
"25-01-2014 12h30";196.66;0;60.5;0;0;0;
"25-01-2014 12h45";180.62;0;54.9;0;0;0;
"25-01-2014 13h00";183.62;0;54.2;0;0;0;
"25-01-2014 13h15";180.62;0;48.9;0;0;0;
"25-01-2014 13h30";179.61;0;51.8;0;0;0;
"25-01-2014 13h45";175.6;0;52.4;0;0;0;
"25-01-2014 14h00";168.58;0;49.7;0;0;0;
"25-01-2014 14h15";175.6;0;50.4;0;0;0;
"25-01-2014 14h30";181.62;0;51;0;0;0;
"25-01-2014 14h45";199.67;0;57.8;0;0;0;
"25-01-2014 15h00";194.66;0;55.3;0;0;0;
"25-01-2014 15h15";188.64;0;52.7;0;0;0;
"25-01-2014 15h30";198.67;0;54.7;0;0;0;
"25-01-2014 15h45";214.72;0;57.3;0;0;0;
"25-01-2014 16h00";202.68;0;51.1;0;0;0;
"25-01-2014 16h15";205.69;0;57.4;0;0;0;
"25-01-2014 16h30";189.64;0;51.8;0;0;0;
"25-01-2014 16h45";180.62;0;51.9;0;0;0;
"25-01-2014 17h00";182.62;0;50.1;0;0;0;
"25-01-2014 17h15";181.62;0;52;0;0;0;
"25-01-2014 17h30";183.62;0;48.2;0;0;0;
"25-01-2014 17h45";184.63;0;53.3;0;0;0;
"25-01-2014 18h00";178.61;0;52.7;0;0;0;
"25-01-2014 18h15";199.67;0;56.8;0;0;0;
"25-01-2014 18h30";206.69;0;60.5;0;0;0;
"25-01-2014 18h45";201.68;0;58;0;0;0;
"25-01-2014 19h00";204.69;0;57.3;0;0;0;
"25-01-2014 19h15";190.65;0;52.9;0;0;0;
"25-01-2014 19h30";193.65;0;54.2;0;0;0;
"25-01-2014 19h45";207.7;0;59.6;0;0;0;
"25-01-2014 20h00";199.67;0;56.8;0;0;0;
"25-01-2014 20h15";211.71;0;59;0;0;0;
"25-01-2014 20h30";185.63;0;53.4;0;0;0;
"25-01-2014 20h45";179.61;0;50.8;0;0;0;
"25-01-2014 21h00";175.6;0;50.4;0;0;0;
"25-01-2014 21h15";177.61;0;52.6;0;0;0;
"25-01-2014 21h30";173.59;0;49.2;0;0;0;
"25-01-2014 21h45";177.61;0;50.6;0;0;0;
"25-01-2014 22h00";181.62;0;52;0;0;0;
"25-01-2014 22h15";164.57;0;46.3;0;0;0;
"25-01-2014 22h30";141.5;0;41;0;0;0;
"25-01-2014 22h45";129.46;0;35.8;0;0;0;
"25-01-2014 23h00";122.17;0;33.1;0;0;0;
"25-01-2014 23h15";94.15;0;26.3;0;0;0;
"25-01-2014 23h30";99.15;0;30.8;0;0;0;
"25-01-2014 23h45";94.15;0;27.3;0;0;0;
"25-01-2014 00h00";87.14;0;28.6;0;0;0;
"26-01-2014 00h15";79.14;0;26.8;0;0;0;
"26-01-2014 00h30";80.14;0;26.9;0;0;0;
"26-01-2014 00h45";81.14;0;29;0;0;0;
"26-01-2014 01h00";80.14;0;26.9;0;0;0;
"26-01-2014 01h15";90.15;0;26.9;0;0;0;
"26-01-2014 01h30";92.15;0;28.1;0;0;0;
"26-01-2014 01h45";96.15;0;26.5;0;0;0;
"26-01-2014 02h00";91.15;0;28;0;0;0;
"26-01-2014 02h15";92.15;0;25.1;0;0;0;
"26-01-2014 02h30";88.15;0;25.7;0;0;0;
"26-01-2014 02h45";105.16;0;29.4;0;0;0;
"26-01-2014 03h00";94.15;0;28.3;0;0;0;
"26-01-2014 03h15";93.15;0;27.2;0;0;0;
"26-01-2014 03h30";93.15;0;32.2;0;0;0;
"26-01-2014 03h45";97.15;0;28.6;0;0;0;
"26-01-2014 04h00";93.15;0;24.2;0;0;0;
"26-01-2014 04h15";93.15;0;28.2;0;0;0;
"26-01-2014 04h30";86.14;0;26.5;0;0;0;
"26-01-2014 04h45";98.15;0;27.7;0;0;0;
"26-01-2014 05h00";89.15;0;24.8;0;0;0;
"26-01-2014 05h15";89.15;0;24.8;0;0;0;
"26-01-2014 05h30";89.15;0;25.8;0;0;0;
"26-01-2014 05h45";98.15;0;30.7;0;0;0;
"26-01-2014 06h00";94.15;0;29.3;0;0;0;
"26-01-2014 06h15";85.14;0;22.4;0;0;0;
"26-01-2014 06h30";96.15;0;26.5;0;0;0;
"26-01-2014 06h45";110.16;0;29.9;0;0;0;
"26-01-2014 07h00";155.54;0;40.4;0;0;0;
"26-01-2014 07h15";183.62;0;48.2;0;0;0;
"26-01-2014 07h30";182.62;0;49.1;0;0;0;
"26-01-2014 07h45";193.65;0;52.2;0;0;0;
"26-01-2014 08h00";191.65;0;52;0;0;0;
"26-01-2014 08h15";165.57;0;45.4;0;0;0;
"26-01-2014 08h30";167.58;0;42.6;0;0;0;
"26-01-2014 08h45";171.59;0;51;0;0;0;
"26-01-2014 09h00";180.62;0;50.9;0;0;0;
"26-01-2014 09h15";187.64;0;54.6;0;0;0;
"26-01-2014 09h30";182.62;0;55.1;0;0;0;
"26-01-2014 09h45";196.66;0;57.5;0;0;0;
"26-01-2014 10h00";198.67;0;59.7;0;0;0;
"26-01-2014 10h15";188.64;0;53.7;0;0;0;
"26-01-2014 10h30";199.67;0;57.8;0;0;0;
"26-01-2014 10h45";193.65;0;54.2;0;0;0;
"26-01-2014 11h00";199.67;0;55.8;0;0;0;
"26-01-2014 11h15";192.65;0;54.1;0;0;0;
"26-01-2014 11h30";194.66;0;57.3;0;0;0;
"26-01-2014 11h45";201.68;0;53;0;0;0;
"26-01-2014 12h00";198.67;0;59.7;0;0;0;
"26-01-2014 12h15";182.62;0;47.1;0;0;0;
"26-01-2014 12h30";184.63;0;49.3;0;0;0;
"26-01-2014 12h45";185.63;0;50.4;0;0;0;
"26-01-2014 13h00";182.62;0;49.1;0;0;0;
"26-01-2014 13h15";183.62;0;49.2;0;0;0;
"26-01-2014 13h30";180.62;0;52.9;0;0;0;
"26-01-2014 13h45";180.62;0;48.9;0;0;0;
"26-01-2014 14h00";186.63;0;54.5;0;0;0;
"26-01-2014 14h15";180.62;0;51.9;0;0;0;
"26-01-2014 14h30";173.59;0;50.2;0;0;0;
"26-01-2014 14h45";180.62;0;53.9;0;0;0;
"26-01-2014 15h00";191.65;0;54;0;0;0;
"26-01-2014 15h15";178.61;0;48.7;0;0;0;
"26-01-2014 15h30";173.59;0;47.2;0;0;0;
"26-01-2014 15h45";188.64;0;51.7;0;0;0;
"26-01-2014 16h00";190.65;0;53.9;0;0;0;
"26-01-2014 16h15";203.68;0;57.2;0;0;0;
"26-01-2014 16h30";190.65;0;52.9;0;0;0;
"26-01-2014 16h45";184.63;0;51.3;0;0;0;
"26-01-2014 17h00";186.63;0;56.5;0;0;0;
"26-01-2014 17h15";188.64;0;53.7;0;0;0;
"26-01-2014 17h30";189.64;0;54.8;0;0;0;
"26-01-2014 17h45";202.68;0;58.1;0;0;0;
"26-01-2014 18h00";190.65;0;52.9;0;0;0;
"26-01-2014 18h15";194.66;0;53.3;0;0;0;
"26-01-2014 18h30";203.68;0;58.2;0;0;0;
"26-01-2014 18h45";191.65;0;52;0;0;0;
"26-01-2014 19h00";192.65;0;47.1;0;0;0;
"26-01-2014 19h15";185.63;0;47.4;0;0;0;
"26-01-2014 19h30";198.67;0;54.7;0;0;0;
"26-01-2014 19h45";197.67;0;53.6;0;0;0;
"26-01-2014 20h00";210.71;0;56.9;0;0;0;
"26-01-2014 20h15";200.68;0;55.9;0;0;0;
"26-01-2014 20h30";184.63;0;51.3;0;0;0;
"26-01-2014 20h45";182.62;0;50.1;0;0;0;
"26-01-2014 21h00";182.62;0;51.1;0;0;0;
"26-01-2014 21h15";181.62;0;51;0;0;0;
"26-01-2014 21h30";176.6;0;49.5;0;0;0;
"26-01-2014 21h45";175.6;0;53.4;0;0;0;
"26-01-2014 22h00";176.6;0;52.5;0;0;0;
"26-01-2014 22h15";168.58;0;50.7;0;0;0;
"26-01-2014 22h30";139.49;0;39.8;0;0;0;
"26-01-2014 22h45";134.48;0;38.3;0;0;0;
"26-01-2014 23h00";117.17;0;30.6;0;0;0;
"26-01-2014 23h15";108.16;0;31.7;0;0;0;
"26-01-2014 23h30";99.15;0;30.8;0;0;0;
"26-01-2014 23h45";101.16;0;30;0;0;0;
"26-01-2014 00h00";87.14;0;25.6;0;0;0;
"27-01-2014 00h15";84.14;0;24.3;0;0;0;
"27-01-2014 00h30";83.14;0;27.2;0;0;0;
"27-01-2014 00h45";86.14;0;23.5;0;0;0;
"27-01-2014 01h00";87.14;0;25.6;0;0;0;
"27-01-2014 01h15";93.15;0;31.2;0;0;0;
"27-01-2014 01h30";86.14;0;25.5;0;0;0;
"27-01-2014 01h45";86.14;0;27.5;0;0;0;
"27-01-2014 02h00";82.14;0;25.1;0;0;0;
"27-01-2014 02h15";83.14;0;23.2;0;0;0;
"27-01-2014 02h30";85.14;0;29.4;0;0;0;
"27-01-2014 02h45";99.15;0;25.8;0;0;0;
"27-01-2014 03h00";87.14;0;25.6;0;0;0;
"27-01-2014 03h15";85.14;0;21.4;0;0;0;
"27-01-2014 03h30";83.14;0;24.2;0;0;0;
"27-01-2014 03h45";92.15;0;27.1;0;0;0;
"27-01-2014 04h00";88.15;0;27.7;0;0;0;
"27-01-2014 04h15";86.14;0;26.5;0;0;0;
"27-01-2014 04h30";82.14;0;29.1;0;0;0;
"27-01-2014 04h45";91.15;0;30;0;0;0;
"27-01-2014 05h00";85.14;0;23.4;0;0;0;
"27-01-2014 05h15";82.14;0;24.1;0;0;0;
"27-01-2014 05h30";84.14;0;27.3;0;0;0;
"27-01-2014 05h45";96.15;0;25.5;0;0;0;
"27-01-2014 06h00";84.14;0;21.3;0;0;0;
"27-01-2014 06h15";79.14;0;24.8;0;0;0;
"27-01-2014 06h30";88.15;0;22.7;0;0;0;
"27-01-2014 06h45";102.16;0;27.1;0;0;0;
"27-01-2014 07h00";151.53;0;40;0;0;0;
"27-01-2014 07h15";184.63;0;46.3;0;0;0;
"27-01-2014 07h30";171.59;0;44;0;0;0;
"27-01-2014 07h45";173.59;0;48.2;0;0;0;
"27-01-2014 08h00";167.58;0;44.6;0;0;0;
"27-01-2014 08h15";171.59;0;49;0;0;0;
"27-01-2014 08h30";164.57;0;50.3;0;0;0;
"27-01-2014 08h45";173.59;0;49.2;0;0;0;
"27-01-2014 09h00";172.59;0;47.1;0;0;0;
"27-01-2014 09h15";182.62;0;54.1;0;0;0;
"27-01-2014 09h30";183.62;0;54.2;0;0;0;
"27-01-2014 09h45";204.69;0;54.3;0;0;0;
"27-01-2014 10h00";200.68;0;57.9;0;0;0;
"27-01-2014 10h15";183.62;0;51.2;0;0;0;
"27-01-2014 10h30";174.6;0;50.3;0;0;0;
"27-01-2014 10h45";176.6;0;51.5;0;0;0;
"27-01-2014 11h00";177.61;0;51.6;0;0;0;
"27-01-2014 11h15";180.62;0;50.9;0;0;0;
"27-01-2014 11h30";173.59;0;49.2;0;0;0;
"27-01-2014 11h45";182.62;0;51.1;0;0;0;
"27-01-2014 12h00";175.6;0;45.4;0;0;0;
"27-01-2014 12h15";170.59;0;45.9;0;0;0;
"27-01-2014 12h30";178.61;0;51.7;0;0;0;
"27-01-2014 12h45";171.59;0;47;0;0;0;
"27-01-2014 13h00";168.58;0;44.7;0;0;0;
"27-01-2014 13h15";164.57;0;48.3;0;0;0;
"27-01-2014 13h30";169.58;0;45.8;0;0;0;
"27-01-2014 13h45";168.58;0;46.7;0;0;0;
"27-01-2014 14h00";165.57;0;45.4;0;0;0;
"27-01-2014 14h15";167.58;0;47.6;0;0;0;
"27-01-2014 14h30";151.53;0;42;0;0;0;
"27-01-2014 14h45";168.58;0;48.7;0;0;0;
"27-01-2014 15h00";165.57;0;46.4;0;0;0;
"27-01-2014 15h15";169.58;0;47.8;0;0;0;
"27-01-2014 15h30";168.58;0;45.7;0;0;0;
"27-01-2014 15h45";178.61;0;50.7;0;0;0;
"27-01-2014 16h00";179.61;0;47.8;0;0;0;
"27-01-2014 16h15";172.59;0;49.1;0;0;0;
"27-01-2014 16h30";170.59;0;47.9;0;0;0;
"27-01-2014 16h45";175.6;0;49.4;0;0;0;
"27-01-2014 17h00";179.61;0;48.8;0;0;0;
"27-01-2014 17h15";178.61;0;51.7;0;0;0;
"27-01-2014 17h30";185.63;0;49.4;0;0;0;
"27-01-2014 17h45";209.7;0;59.8;0;0;0;
"27-01-2014 18h00";217.73;0;60.6;0;0;0;
"27-01-2014 18h15";192.65;0;53.1;0;0;0;
"27-01-2014 18h30";205.69;0;60.4;0;0;0;
"27-01-2014 18h45";197.67;0;53.6;0;0;0;
"27-01-2014 19h00";197.67;0;52.6;0;0;0;
"27-01-2014 19h15";209.7;0;55.8;0;0;0;
"27-01-2014 19h30";209.7;0;60.8;0;0;0;
"27-01-2014 19h45";212.71;0;59.1;0;0;0;
"27-01-2014 20h00";194.66;0;52.3;0;0;0;
"27-01-2014 20h15";191.65;0;51;0;0;0;
"27-01-2014 20h30";184.63;0;49.3;0;0;0;
"27-01-2014 20h45";179.61;0;50.8;0;0;0;
"27-01-2014 21h00";175.6;0;49.4;0;0;0;
"27-01-2014 21h15";187.64;0;52.6;0;0;0;
"27-01-2014 21h30";181.62;0;51;0;0;0;
"27-01-2014 21h45";177.61;0;46.6;0;0;0;
"27-01-2014 22h00";182.62;0;54.1;0;0;0;
"27-01-2014 22h15";160.56;0;47.9;0;0;0;
"27-01-2014 22h30";150.53;0;43.9;0;0;0;
"27-01-2014 22h45";140.5;0;37.9;0;0;0;
"27-01-2014 23h00";125.18;0;36.4;0;0;0;
"27-01-2014 23h15";100.16;0;30.9;0;0;0;
"27-01-2014 23h30";98.15;0;30.7;0;0;0;
"27-01-2014 23h45";95.15;0;29.4;0;0;0;
"27-01-2014 00h00";96.15;0;29.5;0;0;0;
"28-01-2014 00h15";86.14;0;28.5;0;0;0;
"28-01-2014 00h30";101.16;0;31;0;0;0;
"28-01-2014 00h45";94.15;0;33.3;0;0;0;
"28-01-2014 01h00";93.15;0;32.2;0;0;0;
"28-01-2014 01h15";98.15;0;30.7;0;0;0;
"28-01-2014 01h30";97.15;0;29.6;0;0;0;
"28-01-2014 01h45";91.15;0;29;0;0;0;
"28-01-2014 02h00";102.16;0;33.1;0;0;0;
"28-01-2014 02h15";99.15;0;31.8;0;0;0;
"28-01-2014 02h30";93.15;0;29.2;0;0;0;
"28-01-2014 02h45";110.16;0;32.9;0;0;0;
"28-01-2014 03h00";98.15;0;32.7;0;0;0;
"28-01-2014 03h15";95.15;0;29.4;0;0;0;
"28-01-2014 03h30";91.15;0;27;0;0;0;
"28-01-2014 03h45";102.16;0;33.1;0;0;0;
"28-01-2014 04h00";95.15;0;25.4;0;0;0;
"28-01-2014 04h15";91.15;0;28;0;0;0;
"28-01-2014 04h30";91.15;0;27;0;0;0;
"28-01-2014 04h45";95.15;0;23.4;0;0;0;
"28-01-2014 05h00";91.15;0;27;0;0;0;
"28-01-2014 05h15";91.15;0;30;0;0;0;
"28-01-2014 05h30";89.15;0;26.8;0;0;0;
"28-01-2014 05h45";98.15;0;26.7;0;0;0;
"28-01-2014 06h00";91.15;0;27;0;0;0;
"28-01-2014 06h15";92.15;0;26.1;0;0;0;
"28-01-2014 06h30";98.15;0;29.7;0;0;0;
"28-01-2014 06h45";116.17;0;31.5;0;0;0;
"28-01-2014 07h00";121.17;0;36;0;0;0;
"28-01-2014 07h15";192.65;0;51.1;0;0;0;
"28-01-2014 07h30";182.62;0;53.1;0;0;0;
"28-01-2014 07h45";193.65;0;54.2;0;0;0;
"28-01-2014 08h00";176.6;0;53.5;0;0;0;
"28-01-2014 08h15";161.56;0;46;0;0;0;
"28-01-2014 08h30";188.64;0;53.7;0;0;0;
"28-01-2014 08h45";181.62;0;52;0;0;0;
"28-01-2014 09h00";169.58;0;47.8;0;0;0;
"28-01-2014 09h15";186.63;0;54.5;0;0;0;
"28-01-2014 09h30";185.63;0;54.4;0;0;0;
"28-01-2014 09h45";189.64;0;51.8;0;0;0;
"28-01-2014 10h00";196.66;0;56.5;0;0;0;
"28-01-2014 10h15";188.64;0;53.7;0;0;0;
"28-01-2014 10h30";169.58;0;47.8;0;0;0;
"28-01-2014 10h45";173.59;0;49.2;0;0;0;
"28-01-2014 11h00";172.59;0;47.1;0;0;0;
"28-01-2014 11h15";182.62;0;45.1;0;0;0;
"28-01-2014 11h30";192.65;0;53.1;0;0;0;
"28-01-2014 11h45";187.64;0;54.6;0;0;0;
"28-01-2014 12h00";177.61;0;49.6;0;0;0;
"28-01-2014 12h15";178.61;0;45.7;0;0;0;
"28-01-2014 12h30";193.65;0;55.2;0;0;0;
"28-01-2014 12h45";189.64;0;51.8;0;0;0;
"28-01-2014 13h00";168.58;0;48.7;0;0;0;
"28-01-2014 13h15";167.58;0;45.6;0;0;0;
"28-01-2014 13h30";170.59;0;46.9;0;0;0;
"28-01-2014 13h45";169.58;0;45.8;0;0;0;
"28-01-2014 14h00";173.59;0;46.2;0;0;0;
"28-01-2014 14h15";164.57;0;44.3;0;0;0;
"28-01-2014 14h30";160.56;0;44.9;0;0;0;
"28-01-2014 14h45";184.63;0;50.3;0;0;0;
"28-01-2014 15h00";167.58;0;45.6;0;0;0;
"28-01-2014 15h15";185.63;0;51.4;0;0;0;
"28-01-2014 15h30";177.61;0;48.6;0;0;0;
"28-01-2014 15h45";184.63;0;50.3;0;0;0;
"28-01-2014 16h00";179.61;0;53.8;0;0;0;
"28-01-2014 16h15";174.6;0;54.3;0;0;0;
"28-01-2014 16h30";183.62;0;53.2;0;0;0;
"28-01-2014 16h45";193.65;0;54.2;0;0;0;
"28-01-2014 17h00";190.65;0;55.9;0;0;0;
"28-01-2014 17h15";186.63;0;53.5;0;0;0;
"28-01-2014 17h30";182.62;0;53.1;0;0;0;
"28-01-2014 17h45";192.65;0;53.1;0;0;0;
"28-01-2014 18h00";178.61;0;45.7;0;0;0;
"28-01-2014 18h15";188.64;0;53.7;0;0;0;
"28-01-2014 18h30";203.68;0;54.2;0;0;0;
"28-01-2014 18h45";191.65;0;53;0;0;0;
"28-01-2014 19h00";190.65;0;54.9;0;0;0;
"28-01-2014 19h15";195.66;0;54.4;0;0;0;
"28-01-2014 19h30";207.7;0;51.6;0;0;0;
"28-01-2014 19h45";198.67;0;50.7;0;0;0;
"28-01-2014 20h00";186.63;0;45.5;0;0;0;
"28-01-2014 20h15";180.62;0;51.9;0;0;0;
"28-01-2014 20h30";186.63;0;50.5;0;0;0;
"28-01-2014 20h45";177.61;0;50.6;0;0;0;
"28-01-2014 21h00";174.6;0;45.3;0;0;0;
"28-01-2014 21h15";185.63;0;47.4;0;0;0;
"28-01-2014 21h30";180.62;0;51.9;0;0;0;
"28-01-2014 21h45";176.6;0;50.5;0;0;0;
"28-01-2014 22h00";175.6;0;54.4;0;0;0;
"28-01-2014 22h15";155.54;0;44.4;0;0;0;
"28-01-2014 22h30";141.5;0;39;0;0;0;
"28-01-2014 22h45";138.49;0;34.7;0;0;0;
"28-01-2014 23h00";123.17;0;36.2;0;0;0;
"28-01-2014 23h15";96.15;0;28.5;0;0;0;
"28-01-2014 23h30";93.15;0;24.2;0;0;0;
"28-01-2014 23h45";95.15;0;30.4;0;0;0;
"28-01-2014 00h00";80.14;0;23.9;0;0;0;
"29-01-2014 00h15";79.14;0;21.8;0;0;0;
"29-01-2014 00h30";76.14;0;24.5;0;0;0;
"29-01-2014 00h45";76.14;0;24.5;0;0;0;
"29-01-2014 01h00";78.14;0;22.7;0;0;0;
"29-01-2014 01h15";90.15;0;27.9;0;0;0;
"29-01-2014 01h30";92.15;0;29.1;0;0;0;
"29-01-2014 01h45";90.15;0;27.9;0;0;0;
"29-01-2014 02h00";85.14;0;25.4;0;0;0;
"29-01-2014 02h15";82.14;0;25.1;0;0;0;
"29-01-2014 02h30";82.14;0;22.1;0;0;0;
"29-01-2014 02h45";94.15;0;28.3;0;0;0;
"29-01-2014 03h00";92.15;0;26.1;0;0;0;
"29-01-2014 03h15";92.15;0;23.1;0;0;0;
"29-01-2014 03h30";88.15;0;26.7;0;0;0;
"29-01-2014 03h45";97.15;0;31.6;0;0;0;
"29-01-2014 04h00";94.15;0;28.3;0;0;0;
"29-01-2014 04h15";93.15;0;28.2;0;0;0;
"29-01-2014 04h30";87.14;0;28.6;0;0;0;
"29-01-2014 04h45";100.16;0;31.9;0;0;0;
"29-01-2014 05h00";88.15;0;24.7;0;0;0;
"29-01-2014 05h15";92.15;0;27.1;0;0;0;
"29-01-2014 05h30";91.15;0;27;0;0;0;
"29-01-2014 05h45";100.16;0;27.9;0;0;0;
"29-01-2014 06h00";91.15;0;27;0;0;0;
"29-01-2014 06h15";86.14;0;27.5;0;0;0;
"29-01-2014 06h30";102.16;0;28.1;0;0;0;
"29-01-2014 06h45";103.16;0;29.2;0;0;0;
"29-01-2014 07h00";134.48;0;33.3;0;0;0;
"29-01-2014 07h15";182.62;0;47.1;0;0;0;
"29-01-2014 07h30";177.61;0;50.6;0;0;0;
"29-01-2014 07h45";188.64;0;52.7;0;0;0;
"29-01-2014 08h00";185.63;0;48.4;0;0;0;
"29-01-2014 08h15";150.53;0;46.9;0;0;0;
"29-01-2014 08h30";146.51;0;43.5;0;0;0;
"29-01-2014 08h45";158.55;0;45.7;0;0;0;
"29-01-2014 09h00";172.59;0;47.1;0;0;0;
"29-01-2014 09h15";174.6;0;51.3;0;0;0;
"29-01-2014 09h30";182.62;0;50.1;0;0;0;
"29-01-2014 09h45";194.66;0;52.3;0;0;0;
"29-01-2014 10h00";202.68;0;57.1;0;0;0;
"29-01-2014 10h15";195.66;0;56.4;0;0;0;
"29-01-2014 10h30";179.61;0;50.8;0;0;0;
"29-01-2014 10h45";170.59;0;46.9;0;0;0;
"29-01-2014 11h00";193.65;0;53.2;0;0;0;
"29-01-2014 11h15";181.62;0;51;0;0;0;
"29-01-2014 11h30";182.62;0;52.1;0;0;0;
"29-01-2014 11h45";177.61;0;49.6;0;0;0;
"29-01-2014 12h00";179.61;0;50.8;0;0;0;
"29-01-2014 12h15";167.58;0;45.6;0;0;0;
"29-01-2014 12h30";180.62;0;49.9;0;0;0;
"29-01-2014 12h45";177.61;0;51.6;0;0;0;
"29-01-2014 13h00";160.56;0;42.9;0;0;0;
"29-01-2014 13h15";157.55;0;42.6;0;0;0;
"29-01-2014 13h30";166.57;0;50.5;0;0;0;
"29-01-2014 13h45";161.56;0;43;0;0;0;
"29-01-2014 14h00";155.54;0;45.4;0;0;0;
"29-01-2014 14h15";152.53;0;45.1;0;0;0;
"29-01-2014 14h30";152.53;0;42.1;0;0;0;
"29-01-2014 14h45";170.59;0;45.9;0;0;0;
"29-01-2014 15h00";164.57;0;43.3;0;0;0;
"29-01-2014 15h15";173.59;0;44.2;0;0;0;
"29-01-2014 15h30";183.62;0;53.2;0;0;0;
"29-01-2014 15h45";186.63;0;55.5;0;0;0;
"29-01-2014 16h00";173.59;0;46.2;0;0;0;
"29-01-2014 16h15";172.59;0;49.1;0;0;0;
"29-01-2014 16h30";179.61;0;51.8;0;0;0;
"29-01-2014 16h45";185.63;0;52.4;0;0;0;
"29-01-2014 17h00";181.62;0;53;0;0;0;
"29-01-2014 17h15";189.64;0;54.8;0;0;0;
"29-01-2014 17h30";187.64;0;54.6;0;0;0;
"29-01-2014 17h45";209.7;0;56.8;0;0;0;
"29-01-2014 18h00";196.66;0;53.5;0;0;0;
"29-01-2014 18h15";189.64;0;54.8;0;0;0;
"29-01-2014 18h30";198.67;0;54.7;0;0;0;
"29-01-2014 18h45";198.67;0;53.7;0;0;0;
"29-01-2014 19h00";195.66;0;55.4;0;0;0;
"29-01-2014 19h15";195.66;0;54.4;0;0;0;
"29-01-2014 19h30";202.68;0;56.1;0;0;0;
"29-01-2014 19h45";194.66;0;56.3;0;0;0;
"29-01-2014 20h00";182.62;0;56.1;0;0;0;
"29-01-2014 20h15";181.62;0;51;0;0;0;
"29-01-2014 20h30";181.62;0;54;0;0;0;
"29-01-2014 20h45";182.62;0;48.1;0;0;0;
"29-01-2014 21h00";176.6;0;53.5;0;0;0;
"29-01-2014 21h15";178.61;0;47.7;0;0;0;
"29-01-2014 21h30";175.6;0;54.4;0;0;0;
"29-01-2014 21h45";176.6;0;51.5;0;0;0;
"29-01-2014 22h00";175.6;0;54.4;0;0;0;
"29-01-2014 22h15";162.56;0;46.1;0;0;0;
"29-01-2014 22h30";135.48;0;36.4;0;0;0;
"29-01-2014 22h45";134.48;0;35.3;0;0;0;
"29-01-2014 23h00";119.17;0;32.8;0;0;0;
"29-01-2014 23h15";92.15;0;29.1;0;0;0;
"29-01-2014 23h30";88.15;0;24.7;0;0;0;
"29-01-2014 23h45";87.14;0;29.6;0;0;0;
"29-01-2014 00h00";77.14;0;24.6;0;0;0;
"30-01-2014 00h15";76.14;0;23.5;0;0;0;
"30-01-2014 00h30";74.13;0;22.3;0;0;0;
"30-01-2014 00h45";80.14;0;24.9;0;0;0;
"30-01-2014 01h00";75.14;0;22.4;0;0;0;
"30-01-2014 01h15";89.15;0;27.8;0;0;0;
"30-01-2014 01h30";90.15;0;23.9;0;0;0;
"30-01-2014 01h45";93.15;0;31.2;0;0;0;
"30-01-2014 02h00";86.14;0;24.5;0;0;0;
"30-01-2014 02h15";89.15;0;24.8;0;0;0;
"30-01-2014 02h30";90.15;0;27.9;0;0;0;
"30-01-2014 02h45";99.15;0;29.8;0;0;0;
"30-01-2014 03h00";90.15;0;25.9;0;0;0;
"30-01-2014 03h15";88.15;0;22.7;0;0;0;
"30-01-2014 03h30";95.15;0;29.4;0;0;0;
"30-01-2014 03h45";95.15;0;28.4;0;0;0;
"30-01-2014 04h00";94.15;0;27.3;0;0;0;
"30-01-2014 04h15";92.15;0;29.1;0;0;0;
"30-01-2014 04h30";90.15;0;26.9;0;0;0;
"30-01-2014 04h45";95.15;0;27.4;0;0;0;
"30-01-2014 05h00";94.15;0;27.3;0;0;0;
"30-01-2014 05h15";91.15;0;26;0;0;0;
"30-01-2014 05h30";84.14;0;24.3;0;0;0;
"30-01-2014 05h45";102.16;0;31.1;0;0;0;
"30-01-2014 06h00";91.15;0;28;0;0;0;
"30-01-2014 06h15";91.15;0;27;0;0;0;
"30-01-2014 06h30";90.15;0;26.9;0;0;0;
"30-01-2014 06h45";109.16;0;29.8;0;0;0;
"30-01-2014 07h00";135.48;0;32.4;0;0;0;
"30-01-2014 07h15";193.65;0;51.2;0;0;0;
"30-01-2014 07h30";180.62;0;51.9;0;0;0;
"30-01-2014 07h45";190.65;0;56.9;0;0;0;
"30-01-2014 08h00";190.65;0;53.9;0;0;0;
"30-01-2014 08h15";168.58;0;47.7;0;0;0;
"30-01-2014 08h30";168.58;0;48.7;0;0;0;
"30-01-2014 08h45";179.61;0;51.8;0;0;0;
"30-01-2014 09h00";183.62;0;51.2;0;0;0;
"30-01-2014 09h15";184.63;0;48.3;0;0;0;
"30-01-2014 09h30";186.63;0;53.5;0;0;0;
"30-01-2014 09h45";210.71;0;59.9;0;0;0;
"30-01-2014 10h00";202.68;0;54.1;0;0;0;
"30-01-2014 10h15";203.68;0;56.2;0;0;0;
"30-01-2014 10h30";186.63;0;55.5;0;0;0;
"30-01-2014 10h45";195.66;0;54.4;0;0;0;
"30-01-2014 11h00";182.62;0;52.1;0;0;0;
"30-01-2014 11h15";183.62;0;49.2;0;0;0;
"30-01-2014 11h30";187.64;0;50.6;0;0;0;
"30-01-2014 11h45";185.63;0;54.4;0;0;0;
"30-01-2014 12h00";184.63;0;53.3;0;0;0;
"30-01-2014 12h15";163.56;0;46.2;0;0;0;
"30-01-2014 12h30";181.62;0;53;0;0;0;
"30-01-2014 12h45";173.59;0;46.2;0;0;0;
"30-01-2014 13h00";178.61;0;47.7;0;0;0;
"30-01-2014 13h15";169.58;0;47.8;0;0;0;
"30-01-2014 13h30";180.62;0;49.9;0;0;0;
"30-01-2014 13h45";169.58;0;46.8;0;0;0;
"30-01-2014 14h00";157.55;0;45.6;0;0;0;
"30-01-2014 14h15";161.56;0;47;0;0;0;
"30-01-2014 14h30";167.58;0;44.6;0;0;0;
"30-01-2014 14h45";182.62;0;51.1;0;0;0;
"30-01-2014 15h00";161.56;0;44;0;0;0;
"30-01-2014 15h15";167.58;0;44.6;0;0;0;
"30-01-2014 15h30";189.64;0;55.8;0;0;0;
"30-01-2014 15h45";194.66;0;55.3;0;0;0;
"30-01-2014 16h00";181.62;0;51;0;0;0;
"30-01-2014 16h15";174.6;0;52.3;0;0;0;
"30-01-2014 16h30";178.61;0;46.7;0;0;0;
"30-01-2014 16h45";196.66;0;54.5;0;0;0;
"30-01-2014 17h00";178.61;0;50.7;0;0;0;
"30-01-2014 17h15";192.65;0;55.1;0;0;0;
"30-01-2014 17h30";185.63;0;48.4;0;0;0;
"30-01-2014 17h45";197.67;0;53.6;0;0;0;
"30-01-2014 18h00";203.68;0;56.2;0;0;0;
"30-01-2014 18h15";219.73;0;60.8;0;0;0;
"30-01-2014 18h30";217.73;0;63.6;0;0;0;
"30-01-2014 18h45";209.7;0;60.8;0;0;0;
"30-01-2014 19h00";200.68;0;57.9;0;0;0;
"30-01-2014 19h15";208.7;0;59.7;0;0;0;
"30-01-2014 19h30";199.67;0;56.8;0;0;0;
"30-01-2014 19h45";196.66;0;59.5;0;0;0;
"30-01-2014 20h00";189.64;0;52.8;0;0;0;
"30-01-2014 20h15";196.66;0;57.5;0;0;0;
"30-01-2014 20h30";184.63;0;46.3;0;0;0;
"30-01-2014 20h45";178.61;0;50.7;0;0;0;
"30-01-2014 21h00";173.59;0;46.2;0;0;0;
"30-01-2014 21h15";177.61;0;51.6;0;0;0;
"30-01-2014 21h30";180.62;0;52.9;0;0;0;
"30-01-2014 21h45";174.6;0;54.3;0;0;0;
"30-01-2014 22h00";182.62;0;51.1;0;0;0;
"30-01-2014 22h15";171.59;0;51;0;0;0;
"30-01-2014 22h30";147.52;0;44.6;0;0;0;
"30-01-2014 22h45";148.52;0;39.7;0;0;0;
"30-01-2014 23h00";124.17;0;33.3;0;0;0;
"30-01-2014 23h15";99.15;0;28.8;0;0;0;
"30-01-2014 23h30";94.15;0;28.3;0;0;0;
"30-01-2014 23h45";98.15;0;31.7;0;0;0;
"30-01-2014 00h00";88.15;0;26.7;0;0;0;
"31-01-2014 00h15";78.14;0;23.7;0;0;0;
"31-01-2014 00h30";80.14;0;24.9;0;0;0;
"31-01-2014 00h45";82.14;0;29.1;0;0;0;
"31-01-2014 01h00";78.14;0;25.7;0;0;0;
"31-01-2014 01h15";92.15;0;29.1;0;0;0;
"31-01-2014 01h30";99.15;0;31.8;0;0;0;
"31-01-2014 01h45";97.15;0;30.6;0;0;0;
"31-01-2014 02h00";90.15;0;29.9;0;0;0;
"31-01-2014 02h15";92.15;0;24.1;0;0;0;
"31-01-2014 02h30";88.15;0;28.7;0;0;0;
"31-01-2014 02h45";104.16;0;34.3;0;0;0;
"31-01-2014 03h00";95.15;0;29.4;0;0;0;
"31-01-2014 03h15";93.15;0;25.2;0;0;0;
"31-01-2014 03h30";91.15;0;28;0;0;0;
"31-01-2014 03h45";99.15;0;27.8;0;0;0;
"31-01-2014 04h00";91.15;0;27;0;0;0;
"31-01-2014 04h15";94.15;0;28.3;0;0;0;
"31-01-2014 04h30";85.14;0;26.4;0;0;0;
"31-01-2014 04h45";97.15;0;29.6;0;0;0;
"31-01-2014 05h00";89.15;0;26.8;0;0;0;
"31-01-2014 05h15";88.15;0;25.7;0;0;0;
"31-01-2014 05h30";91.15;0;28;0;0;0;
"31-01-2014 05h45";97.15;0;28.6;0;0;0;
"31-01-2014 06h00";92.15;0;25.1;0;0;0;
"31-01-2014 06h15";88.15;0;22.7;0;0;0;
"31-01-2014 06h30";95.15;0;27.4;0;0;0;
"31-01-2014 06h45";106.16;0;25.5;0;0;0;
"31-01-2014 07h00";140.5;0;35.9;0;0;0;
"31-01-2014 07h15";203.68;0;55.2;0;0;0;
"31-01-2014 07h30";176.6;0;50.5;0;0;0;
"31-01-2014 07h45";209.7;0;58.8;0;0;0;
"31-01-2014 08h00";190.65;0;54.9;0;0;0;
"31-01-2014 08h15";166.57;0;45.5;0;0;0;
"31-01-2014 08h30";157.55;0;41.6;0;0;0;
"31-01-2014 08h45";174.6;0;48.3;0;0;0;
"31-01-2014 09h00";175.6;0;47.4;0;0;0;
"31-01-2014 09h15";173.59;0;51.2;0;0;0;
"31-01-2014 09h30";179.61;0;50.8;0;0;0;
"31-01-2014 09h45";190.65;0;54.9;0;0;0;
"31-01-2014 10h00";196.66;0;54.5;0;0;0;
"31-01-2014 10h15";192.65;0;54.1;0;0;0;
"31-01-2014 10h30";194.66;0;53.3;0;0;0;
"31-01-2014 10h45";192.65;0;54.1;0;0;0;
"31-01-2014 11h00";197.67;0;51.6;0;0;0;
"31-01-2014 11h15";181.62;0;51;0;0;0;
"31-01-2014 11h30";179.61;0;49.8;0;0;0;
"31-01-2014 11h45";189.64;0;53.8;0;0;0;
"31-01-2014 12h00";191.65;0;57;0;0;0;
"31-01-2014 12h15";169.58;0;44.8;0;0;0;
"31-01-2014 12h30";183.62;0;51.2;0;0;0;
"31-01-2014 12h45";180.62;0;51.9;0;0;0;
"31-01-2014 13h00";180.62;0;50.9;0;0;0;
"31-01-2014 13h15";186.63;0;50.5;0;0;0;
"31-01-2014 13h30";170.59;0;48.9;0;0;0;
"31-01-2014 13h45";168.58;0;49.7;0;0;0;
"31-01-2014 14h00";165.57;0;47.4;0;0;0;
"31-01-2014 14h15";176.6;0;51.5;0;0;0;
"31-01-2014 14h30";163.56;0;45.2;0;0;0;
"31-01-2014 14h45";179.61;0;52.8;0;0;0;
"31-01-2014 15h00";174.6;0;50.3;0;0;0;
"31-01-2014 15h15";176.6;0;50.5;0;0;0;
"31-01-2014 15h30";179.61;0;49.8;0;0;0;
"31-01-2014 15h45";198.67;0;57.7;0;0;0;
"31-01-2014 16h00";199.67;0;57.8;0;0;0;
"31-01-2014 16h15";196.66;0;56.5;0;0;0;
"31-01-2014 16h30";179.61;0;50.8;0;0;0;
"31-01-2014 16h45";190.65;0;50.9;0;0;0;
"31-01-2014 17h00";200.68;0;51.9;0;0;0;
"31-01-2014 17h15";194.66;0;54.3;0;0;0;
"31-01-2014 17h30";178.61;0;48.7;0;0;0;
"31-01-2014 17h45";196.66;0;54.5;0;0;0;
"31-01-2014 18h00";205.69;0;59.4;0;0;0;
"31-01-2014 18h15";210.71;0;56.9;0;0;0;
"31-01-2014 18h30";220.74;0;62.9;0;0;0;
"31-01-2014 18h45";200.68;0;55.9;0;0;0;
"31-01-2014 19h00";197.67;0;52.6;0;0;0;
"31-01-2014 19h15";197.67;0;54.6;0;0;0;
"31-01-2014 19h30";196.66;0;52.5;0;0;0;
"31-01-2014 19h45";216.72;0;62.5;0;0;0;
"31-01-2014 20h00";202.68;0;52.1;0;0;0;
"31-01-2014 20h15";193.65;0;53.2;0;0;0;
"31-01-2014 20h30";186.63;0;51.5;0;0;0;
"31-01-2014 20h45";180.62;0;43.9;0;0;0;
"31-01-2014 21h00";184.63;0;50.3;0;0;0;
"31-01-2014 21h15";179.61;0;48.8;0;0;0;
"31-01-2014 21h30";179.61;0;48.8;0;0;0;
"31-01-2014 21h45";176.6;0;52.5;0;0;0;
"31-01-2014 22h00";176.6;0;49.5;0;0;0;
"31-01-2014 22h15";170.59;0;48.9;0;0;0;
"31-01-2014 22h30";157.55;0;45.6;0;0;0;
"31-01-2014 22h45";142.5;0;35.1;0;0;0;
"31-01-2014 23h00";121.17;0;32;0;0;0;
"31-01-2014 23h15";100.16;0;26.9;0;0;0;
"31-01-2014 23h30";98.15;0;25.7;0;0;0;
"31-01-2014 23h45";93.15;0;25.2;0;0;0;
"31-01-2014 00h00";90.15;0;30.9;0;0;0;
"01-02-2014 00h15";75.14;0;21.4;0;0;0;
"01-02-2014 00h30";83.14;0;24.2;0;0;0;
"01-02-2014 00h45";85.14;0;24.4;0;0;0;
"01-02-2014 01h00";80.14;0;23.9;0;0;0;
"01-02-2014 01h15";89.15;0;26.8;0;0;0;
"01-02-2014 01h30";90.15;0;26.9;0;0;0;
"01-02-2014 01h45";93.15;0;26.2;0;0;0;
"01-02-2014 02h00";85.14;0;24.4;0;0;0;
"01-02-2014 02h15";87.14;0;22.6;0;0;0;
"01-02-2014 02h30";91.15;0;26;0;0;0;
"01-02-2014 02h45";108.16;0;31.7;0;0;0;
"01-02-2014 03h00";97.15;0;31.6;0;0;0;
"01-02-2014 03h15";92.15;0;25.1;0;0;0;
"01-02-2014 03h30";92.15;0;25.1;0;0;0;
"01-02-2014 03h45";102.16;0;28.1;0;0;0;
"01-02-2014 04h00";95.15;0;26.4;0;0;0;
"01-02-2014 04h15";99.15;0;31.8;0;0;0;
"01-02-2014 04h30";91.15;0;26;0;0;0;
"01-02-2014 04h45";93.15;0;22.2;0;0;0;
"01-02-2014 05h00";98.15;0;25.7;0;0;0;
"01-02-2014 05h15";88.15;0;26.7;0;0;0;
"01-02-2014 05h30";88.15;0;27.7;0;0;0;
"01-02-2014 05h45";100.16;0;27.9;0;0;0;
"01-02-2014 06h00";99.15;0;30.8;0;0;0;
"01-02-2014 06h15";89.15;0;21.8;0;0;0;
"01-02-2014 06h30";100.16;0;24.9;0;0;0;
"01-02-2014 06h45";119.17;0;32.8;0;0;0;
"01-02-2014 07h00";147.52;0;41.6;0;0;0;
"01-02-2014 07h15";171.59;0;45;0;0;0;
"01-02-2014 07h30";178.61;0;47.7;0;0;0;
"01-02-2014 07h45";210.71;0;56.9;0;0;0;
"01-02-2014 08h00";212.71;0;58.1;0;0;0;
"01-02-2014 08h15";189.64;0;53.8;0;0;0;
"01-02-2014 08h30";170.59;0;47.9;0;0;0;
"01-02-2014 08h45";181.62;0;48;0;0;0;
"01-02-2014 09h00";199.67;0;55.8;0;0;0;
"01-02-2014 09h15";191.65;0;54;0;0;0;
"01-02-2014 09h30";189.64;0;49.8;0;0;0;
"01-02-2014 09h45";194.66;0;47.3;0;0;0;
"01-02-2014 10h00";183.62;0;54.2;0;0;0;
"01-02-2014 10h15";189.64;0;53.8;0;0;0;
"01-02-2014 10h30";189.64;0;50.8;0;0;0;
"01-02-2014 10h45";193.65;0;53.2;0;0;0;
"01-02-2014 11h00";197.67;0;56.6;0;0;0;
"01-02-2014 11h15";183.62;0;53.2;0;0;0;
"01-02-2014 11h30";190.65;0;55.9;0;0;0;
"01-02-2014 11h45";193.65;0;55.2;0;0;0;
"01-02-2014 12h00";193.65;0;57.2;0;0;0;
"01-02-2014 12h15";181.62;0;51;0;0;0;
"01-02-2014 12h30";186.63;0;48.5;0;0;0;
"01-02-2014 12h45";172.59;0;47.1;0;0;0;
"01-02-2014 13h00";157.55;0;46.6;0;0;0;
"01-02-2014 13h15";161.56;0;44;0;0;0;
"01-02-2014 13h30";174.6;0;48.3;0;0;0;
"01-02-2014 13h45";173.59;0;49.2;0;0;0;
"01-02-2014 14h00";170.59;0;50.9;0;0;0;
"01-02-2014 14h15";172.59;0;44.1;0;0;0;
"01-02-2014 14h30";167.58;0;43.6;0;0;0;
"01-02-2014 14h45";176.6;0;50.5;0;0;0;
"01-02-2014 15h00";172.59;0;49.1;0;0;0;
"01-02-2014 15h15";192.65;0;55.1;0;0;0;
"01-02-2014 15h30";190.65;0;53.9;0;0;0;
"01-02-2014 15h45";205.69;0;58.4;0;0;0;
"01-02-2014 16h00";196.66;0;57.5;0;0;0;
"01-02-2014 16h15";180.62;0;49.9;0;0;0;
"01-02-2014 16h30";186.63;0;51.5;0;0;0;
"01-02-2014 16h45";197.67;0;55.6;0;0;0;
"01-02-2014 17h00";174.6;0;49.3;0;0;0;
"01-02-2014 17h15";186.63;0;52.5;0;0;0;
"01-02-2014 17h30";163.56;0;43.2;0;0;0;
"01-02-2014 17h45";190.65;0;51.9;0;0;0;
"01-02-2014 18h00";191.65;0;53;0;0;0;
"01-02-2014 18h15";198.67;0;54.7;0;0;0;
"01-02-2014 18h30";192.65;0;51.1;0;0;0;
"01-02-2014 18h45";203.68;0;56.2;0;0;0;
"01-02-2014 19h00";197.67;0;55.6;0;0;0;
"01-02-2014 19h15";208.7;0;57.7;0;0;0;
"01-02-2014 19h30";208.7;0;57.7;0;0;0;
"01-02-2014 19h45";199.67;0;52.8;0;0;0;
"01-02-2014 20h00";192.65;0;55.1;0;0;0;
"01-02-2014 20h15";189.64;0;53.8;0;0;0;
"01-02-2014 20h30";180.62;0;52.9;0;0;0;
"01-02-2014 20h45";182.62;0;52.1;0;0;0;
"01-02-2014 21h00";181.62;0;51;0;0;0;
"01-02-2014 21h15";185.63;0;54.4;0;0;0;
"01-02-2014 21h30";187.64;0;54.6;0;0;0;
"01-02-2014 21h45";183.62;0;50.2;0;0;0;
"01-02-2014 22h00";178.61;0;51.7;0;0;0;
"01-02-2014 22h15";167.58;0;42.6;0;0;0;
"01-02-2014 22h30";134.48;0;35.3;0;0;0;
"01-02-2014 22h45";133.47;0;39.2;0;0;0;
"01-02-2014 23h00";122.17;0;35.1;0;0;0;
"01-02-2014 23h15";104.16;0;31.3;0;0;0;
"01-02-2014 23h30";97.15;0;28.6;0;0;0;
"01-02-2014 23h45";99.15;0;30.8;0;0;0;
"01-02-2014 00h00";86.14;0;26.5;0;0;0;
"02-02-2014 00h15";81.14;0;25;0;0;0;
"02-02-2014 00h30";84.14;0;22.3;0;0;0;
"02-02-2014 00h45";81.14;0;29;0;0;0;
"02-02-2014 01h00";79.14;0;25.8;0;0;0;
"02-02-2014 01h15";92.15;0;28.1;0;0;0;
"02-02-2014 01h30";93.15;0;25.2;0;0;0;
"02-02-2014 01h45";94.15;0;28.3;0;0;0;
"02-02-2014 02h00";95.15;0;28.4;0;0;0;
"02-02-2014 02h15";91.15;0;29;0;0;0;
"02-02-2014 02h30";86.14;0;25.5;0;0;0;
"02-02-2014 02h45";110.16;0;35.9;0;0;0;
"02-02-2014 03h00";92.15;0;28.1;0;0;0;
"02-02-2014 03h15";92.15;0;23.1;0;0;0;
"02-02-2014 03h30";95.15;0;27.4;0;0;0;
"02-02-2014 03h45";102.16;0;33.1;0;0;0;
"02-02-2014 04h00";100.16;0;31.9;0;0;0;
"02-02-2014 04h15";92.15;0;29.1;0;0;0;
"02-02-2014 04h30";95.15;0;28.4;0;0;0;
"02-02-2014 04h45";100.16;0;29.9;0;0;0;
"02-02-2014 05h00";99.15;0;29.8;0;0;0;
"02-02-2014 05h15";91.15;0;27;0;0;0;
"02-02-2014 05h30";92.15;0;27.1;0;0;0;
"02-02-2014 05h45";104.16;0;34.3;0;0;0;
"02-02-2014 06h00";91.15;0;25;0;0;0;
"02-02-2014 06h15";94.15;0;25.3;0;0;0;
"02-02-2014 06h30";102.16;0;29.1;0;0;0;
"02-02-2014 06h45";112.16;0;30.1;0;0;0;
"02-02-2014 07h00";165.57;0;40.4;0;0;0;
"02-02-2014 07h15";204.69;0;52.3;0;0;0;
"02-02-2014 07h30";178.61;0;50.7;0;0;0;
"02-02-2014 07h45";190.65;0;52.9;0;0;0;
"02-02-2014 08h00";193.65;0;54.2;0;0;0;
"02-02-2014 08h15";174.6;0;47.3;0;0;0;
"02-02-2014 08h30";170.59;0;44.9;0;0;0;
"02-02-2014 08h45";191.65;0;53;0;0;0;
"02-02-2014 09h00";184.63;0;51.3;0;0;0;
"02-02-2014 09h15";190.65;0;53.9;0;0;0;
"02-02-2014 09h30";190.65;0;51.9;0;0;0;
"02-02-2014 09h45";211.71;0;63;0;0;0;
"02-02-2014 10h00";203.68;0;57.2;0;0;0;
"02-02-2014 10h15";208.7;0;62.7;0;0;0;
"02-02-2014 10h30";180.62;0;50.9;0;0;0;
"02-02-2014 10h45";175.6;0;49.4;0;0;0;
"02-02-2014 11h00";182.62;0;55.1;0;0;0;
"02-02-2014 11h15";184.63;0;54.3;0;0;0;
"02-02-2014 11h30";184.63;0;50.3;0;0;0;
"02-02-2014 11h45";190.65;0;56.9;0;0;0;
"02-02-2014 12h00";200.68;0;56.9;0;0;0;
"02-02-2014 12h15";173.59;0;49.2;0;0;0;
"02-02-2014 12h30";185.63;0;49.4;0;0;0;
"02-02-2014 12h45";175.6;0;48.4;0;0;0;
"02-02-2014 13h00";167.58;0;47.6;0;0;0;
"02-02-2014 13h15";173.59;0;46.2;0;0;0;
"02-02-2014 13h30";177.61;0;52.6;0;0;0;
"02-02-2014 13h45";187.64;0;53.6;0;0;0;
"02-02-2014 14h00";182.62;0;50.1;0;0;0;
"02-02-2014 14h15";174.6;0;50.3;0;0;0;
"02-02-2014 14h30";171.59;0;47;0;0;0;
"02-02-2014 14h45";205.69;0;54.4;0;0;0;
"02-02-2014 15h00";174.6;0;48.3;0;0;0;
"02-02-2014 15h15";184.63;0;49.3;0;0;0;
"02-02-2014 15h30";178.61;0;51.7;0;0;0;
"02-02-2014 15h45";191.65;0;56;0;0;0;
"02-02-2014 16h00";202.68;0;60.1;0;0;0;
"02-02-2014 16h15";198.67;0;53.7;0;0;0;
"02-02-2014 16h30";172.59;0;46.1;0;0;0;
"02-02-2014 16h45";177.61;0;49.6;0;0;0;
"02-02-2014 17h00";181.62;0;49;0;0;0;
"02-02-2014 17h15";178.61;0;51.7;0;0;0;
"02-02-2014 17h30";173.59;0;47.2;0;0;0;
"02-02-2014 17h45";196.66;0;52.5;0;0;0;
"02-02-2014 18h00";170.59;0;47.9;0;0;0;
"02-02-2014 18h15";197.67;0;55.6;0;0;0;
"02-02-2014 18h30";196.66;0;55.5;0;0;0;
"02-02-2014 18h45";196.66;0;54.5;0;0;0;
"02-02-2014 19h00";189.64;0;54.8;0;0;0;
"02-02-2014 19h15";194.66;0;54.3;0;0;0;
"02-02-2014 19h30";203.68;0;55.2;0;0;0;
"02-02-2014 19h45";212.71;0;59.1;0;0;0;
"02-02-2014 20h00";201.68;0;56;0;0;0;
"02-02-2014 20h15";192.65;0;52.1;0;0;0;
"02-02-2014 20h30";176.6;0;48.5;0;0;0;
"02-02-2014 20h45";173.59;0;48.2;0;0;0;
"02-02-2014 21h00";171.59;0;46;0;0;0;
"02-02-2014 21h15";171.59;0;49;0;0;0;
"02-02-2014 21h30";172.59;0;51.1;0;0;0;
"02-02-2014 21h45";176.6;0;50.5;0;0;0;
"02-02-2014 22h00";174.6;0;48.3;0;0;0;
"02-02-2014 22h15";160.56;0;42.9;0;0;0;
"02-02-2014 22h30";153.53;0;43.2;0;0;0;
"02-02-2014 22h45";133.47;0;36.2;0;0;0;
"02-02-2014 23h00";124.17;0;36.3;0;0;0;
"02-02-2014 23h15";103.16;0;27.2;0;0;0;
"02-02-2014 23h30";95.15;0;24.4;0;0;0;
"02-02-2014 23h45";91.15;0;23;0;0;0;
"02-02-2014 00h00";83.14;0;23.2;0;0;0;
"03-02-2014 00h15";83.14;0;26.2;0;0;0;
"03-02-2014 00h30";84.14;0;21.3;0;0;0;
"03-02-2014 00h45";84.14;0;25.3;0;0;0;
"03-02-2014 01h00";80.14;0;22.9;0;0;0;
"03-02-2014 01h15";88.15;0;20.7;0;0;0;
"03-02-2014 01h30";86.14;0;24.5;0;0;0;
"03-02-2014 01h45";81.14;0;25;0;0;0;
"03-02-2014 02h00";81.14;0;25;0;0;0;
"03-02-2014 02h15";82.14;0;23.1;0;0;0;
"03-02-2014 02h30";78.14;0;24.7;0;0;0;
"03-02-2014 02h45";91.15;0;27;0;0;0;
"03-02-2014 03h00";81.14;0;25;0;0;0;
"03-02-2014 03h15";80.14;0;21.9;0;0;0;
"03-02-2014 03h30";77.14;0;20.6;0;0;0;
"03-02-2014 03h45";86.14;0;25.5;0;0;0;
"03-02-2014 04h00";81.14;0;25;0;0;0;
"03-02-2014 04h15";82.14;0;25.1;0;0;0;
"03-02-2014 04h30";76.14;0;22.5;0;0;0;
"03-02-2014 04h45";87.14;0;24.6;0;0;0;
"03-02-2014 05h00";81.14;0;19;0;0;0;
"03-02-2014 05h15";81.14;0;24;0;0;0;
"03-02-2014 05h30";82.14;0;24.1;0;0;0;
"03-02-2014 05h45";90.15;0;23.9;0;0;0;
"03-02-2014 06h00";83.14;0;25.2;0;0;0;
"03-02-2014 06h15";78.14;0;21.7;0;0;0;
"03-02-2014 06h30";83.14;0;22.2;0;0;0;
"03-02-2014 06h45";95.15;0;26.4;0;0;0;
"03-02-2014 07h00";148.52;0;34.7;0;0;0;
"03-02-2014 07h15";181.62;0;48;0;0;0;
"03-02-2014 07h30";173.59;0;48.2;0;0;0;
"03-02-2014 07h45";191.65;0;56;0;0;0;
"03-02-2014 08h00";189.64;0;52.8;0;0;0;
"03-02-2014 08h15";171.59;0;47;0;0;0;
"03-02-2014 08h30";164.57;0;49.3;0;0;0;
"03-02-2014 08h45";190.65;0;54.9;0;0;0;
"03-02-2014 09h00";190.65;0;56.9;0;0;0;
"03-02-2014 09h15";184.63;0;56.3;0;0;0;
"03-02-2014 09h30";185.63;0;53.4;0;0;0;
"03-02-2014 09h45";200.68;0;56.9;0;0;0;
"03-02-2014 10h00";201.68;0;61;0;0;0;
"03-02-2014 10h15";181.62;0;51;0;0;0;
"03-02-2014 10h30";178.61;0;49.7;0;0;0;
"03-02-2014 10h45";171.59;0;51;0;0;0;
"03-02-2014 11h00";184.63;0;53.3;0;0;0;
"03-02-2014 11h15";181.62;0;53;0;0;0;
"03-02-2014 11h30";179.61;0;51.8;0;0;0;
"03-02-2014 11h45";176.6;0;50.5;0;0;0;
"03-02-2014 12h00";173.59;0;52.2;0;0;0;
"03-02-2014 12h15";165.57;0;45.4;0;0;0;
"03-02-2014 12h30";180.62;0;49.9;0;0;0;
"03-02-2014 12h45";164.57;0;45.3;0;0;0;
"03-02-2014 13h00";157.55;0;38.6;0;0;0;
"03-02-2014 13h15";160.56;0;41.9;0;0;0;
"03-02-2014 13h30";157.55;0;44.6;0;0;0;
"03-02-2014 13h45";152.53;0;44.1;0;0;0;
"03-02-2014 14h00";146.51;0;45.5;0;0;0;
"03-02-2014 14h15";153.53;0;43.2;0;0;0;
"03-02-2014 14h30";147.52;0;41.6;0;0;0;
"03-02-2014 14h45";176.6;0;51.5;0;0;0;
"03-02-2014 15h00";157.55;0;41.6;0;0;0;
"03-02-2014 15h15";170.59;0;48.9;0;0;0;
"03-02-2014 15h30";161.56;0;43;0;0;0;
"03-02-2014 15h45";178.61;0;47.7;0;0;0;
"03-02-2014 16h00";167.58;0;50.6;0;0;0;
"03-02-2014 16h15";175.6;0;47.4;0;0;0;
"03-02-2014 16h30";171.59;0;50;0;0;0;
"03-02-2014 16h45";182.62;0;46.1;0;0;0;
"03-02-2014 17h00";183.62;0;54.2;0;0;0;
"03-02-2014 17h15";180.62;0;48.9;0;0;0;
"03-02-2014 17h30";177.61;0;47.6;0;0;0;
"03-02-2014 17h45";176.6;0;50.5;0;0;0;
"03-02-2014 18h00";181.62;0;53;0;0;0;
"03-02-2014 18h15";185.63;0;49.4;0;0;0;
"03-02-2014 18h30";213.71;0;61.2;0;0;0;
"03-02-2014 18h45";207.7;0;58.6;0;0;0;
"03-02-2014 19h00";191.65;0;53;0;0;0;
"03-02-2014 19h15";201.68;0;58;0;0;0;
"03-02-2014 19h30";200.68;0;56.9;0;0;0;
"03-02-2014 19h45";196.66;0;56.5;0;0;0;
"03-02-2014 20h00";189.64;0;55.8;0;0;0;
"03-02-2014 20h15";193.65;0;51.2;0;0;0;
"03-02-2014 20h30";192.65;0;54.1;0;0;0;
"03-02-2014 20h45";189.64;0;49.8;0;0;0;
"03-02-2014 21h00";175.6;0;48.4;0;0;0;
"03-02-2014 21h15";183.62;0;54.2;0;0;0;
"03-02-2014 21h30";175.6;0;53.4;0;0;0;
"03-02-2014 21h45";176.6;0;49.5;0;0;0;
"03-02-2014 22h00";181.62;0;56;0;0;0;
"03-02-2014 22h15";173.59;0;50.2;0;0;0;
"03-02-2014 22h30";139.49;0;37.8;0;0;0;
"03-02-2014 22h45";135.48;0;37.4;0;0;0;
"03-02-2014 23h00";123.17;0;30.2;0;0;0;
"03-02-2014 23h15";104.16;0;28.3;0;0;0;
"03-02-2014 23h30";95.15;0;24.4;0;0;0;
"03-02-2014 23h45";94.15;0;27.3;0;0;0;
"03-02-2014 00h00";89.15;0;25.8;0;0;0;
"04-02-2014 00h15";92.15;0;28.1;0;0;0;
"04-02-2014 00h30";92.15;0;28.1;0;0;0;
"04-02-2014 00h45";96.15;0;29.5;0;0;0;
"04-02-2014 01h00";92.15;0;26.1;0;0;0;
"04-02-2014 01h15";103.16;0;29.2;0;0;0;
"04-02-2014 01h30";100.16;0;27.9;0;0;0;
"04-02-2014 01h45";103.16;0;29.2;0;0;0;
"04-02-2014 02h00";99.15;0;26.8;0;0;0;
"04-02-2014 02h15";85.14;0;28.4;0;0;0;
"04-02-2014 02h30";91.15;0;28;0;0;0;
"04-02-2014 02h45";100.16;0;28.9;0;0;0;
"04-02-2014 03h00";95.15;0;24.4;0;0;0;
"04-02-2014 03h15";93.15;0;24.2;0;0;0;
"04-02-2014 03h30";87.14;0;23.6;0;0;0;
"04-02-2014 03h45";102.16;0;27.1;0;0;0;
"04-02-2014 04h00";92.15;0;26.1;0;0;0;
"04-02-2014 04h15";87.14;0;22.6;0;0;0;
"04-02-2014 04h30";88.15;0;25.7;0;0;0;
"04-02-2014 04h45";98.15;0;26.7;0;0;0;
"04-02-2014 05h00";94.15;0;25.3;0;0;0;
"04-02-2014 05h15";97.15;0;27.6;0;0;0;
"04-02-2014 05h30";93.15;0;24.2;0;0;0;
"04-02-2014 05h45";105.16;0;33.4;0;0;0;
"04-02-2014 06h00";92.15;0;26.1;0;0;0;
"04-02-2014 06h15";89.15;0;21.8;0;0;0;
"04-02-2014 06h30";90.15;0;24.9;0;0;0;
"04-02-2014 06h45";108.16;0;25.7;0;0;0;
"04-02-2014 07h00";119.17;0;27.8;0;0;0;
"04-02-2014 07h15";183.62;0;44.2;0;0;0;
"04-02-2014 07h30";204.69;0;58.3;0;0;0;
"04-02-2014 07h45";203.68;0;56.2;0;0;0;
"04-02-2014 08h00";208.7;0;57.7;0;0;0;
"04-02-2014 08h15";186.63;0;54.5;0;0;0;
"04-02-2014 08h30";172.59;0;51.1;0;0;0;
"04-02-2014 08h45";174.6;0;49.3;0;0;0;
"04-02-2014 09h00";184.63;0;56.3;0;0;0;
"04-02-2014 09h15";177.61;0;49.6;0;0;0;
"04-02-2014 09h30";191.65;0;53;0;0;0;
"04-02-2014 09h45";196.66;0;55.5;0;0;0;
"04-02-2014 10h00";215.72;0;58.4;0;0;0;
"04-02-2014 10h15";180.62;0;55.9;0;0;0;
"04-02-2014 10h30";190.65;0;52.9;0;0;0;
"04-02-2014 10h45";188.64;0;55.7;0;0;0;
"04-02-2014 11h00";195.66;0;59.4;0;0;0;
"04-02-2014 11h15";174.6;0;51.3;0;0;0;
"04-02-2014 11h30";181.62;0;54;0;0;0;
"04-02-2014 11h45";178.61;0;48.7;0;0;0;
"04-02-2014 12h00";184.63;0;53.3;0;0;0;
"04-02-2014 12h15";179.61;0;47.8;0;0;0;
"04-02-2014 12h30";185.63;0;49.4;0;0;0;
"04-02-2014 12h45";178.61;0;50.7;0;0;0;
"04-02-2014 13h00";172.59;0;47.1;0;0;0;
"04-02-2014 13h15";163.56;0;46.2;0;0;0;
"04-02-2014 13h30";161.56;0;44;0;0;0;
"04-02-2014 13h45";172.59;0;47.1;0;0;0;
"04-02-2014 14h00";164.57;0;44.3;0;0;0;
"04-02-2014 14h15";163.56;0;45.2;0;0;0;
"04-02-2014 14h30";157.55;0;44.6;0;0;0;
"04-02-2014 14h45";176.6;0;51.5;0;0;0;
"04-02-2014 15h00";181.62;0;51;0;0;0;
"04-02-2014 15h15";171.59;0;48;0;0;0;
"04-02-2014 15h30";176.6;0;51.5;0;0;0;
"04-02-2014 15h45";185.63;0;54.4;0;0;0;
"04-02-2014 16h00";182.62;0;49.1;0;0;0;
"04-02-2014 16h15";181.62;0;49;0;0;0;
"04-02-2014 16h30";176.6;0;48.5;0;0;0;
"04-02-2014 16h45";197.67;0;56.6;0;0;0;
"04-02-2014 17h00";197.67;0;56.6;0;0;0;
"04-02-2014 17h15";195.66;0;57.4;0;0;0;
"04-02-2014 17h30";190.65;0;52.9;0;0;0;
"04-02-2014 17h45";196.66;0;56.5;0;0;0;
"04-02-2014 18h00";197.67;0;56.6;0;0;0;
"04-02-2014 18h15";213.71;0;59.2;0;0;0;
"04-02-2014 18h30";209.7;0;60.8;0;0;0;
"04-02-2014 18h45";201.68;0;57;0;0;0;
"04-02-2014 19h00";206.69;0;54.5;0;0;0;
"04-02-2014 19h15";206.69;0;56.5;0;0;0;
"04-02-2014 19h30";199.67;0;54.8;0;0;0;
"04-02-2014 19h45";195.66;0;55.4;0;0;0;
"04-02-2014 20h00";195.66;0;54.4;0;0;0;
"04-02-2014 20h15";201.68;0;58;0;0;0;
"04-02-2014 20h30";196.66;0;52.5;0;0;0;
"04-02-2014 20h45";188.64;0;51.7;0;0;0;
"04-02-2014 21h00";190.65;0;51.9;0;0;0;
"04-02-2014 21h15";186.63;0;53.5;0;0;0;
"04-02-2014 21h30";189.64;0;51.8;0;0;0;
"04-02-2014 21h45";176.6;0;51.5;0;0;0;
"04-02-2014 22h00";181.62;0;54;0;0;0;
"04-02-2014 22h15";161.56;0;44;0;0;0;
"04-02-2014 22h30";149.52;0;40.8;0;0;0;
"04-02-2014 22h45";135.48;0;36.4;0;0;0;
"04-02-2014 23h00";122.17;0;35.1;0;0;0;
"04-02-2014 23h15";101.16;0;29;0;0;0;
"04-02-2014 23h30";94.15;0;27.3;0;0;0;
"04-02-2014 23h45";97.15;0;31.6;0;0;0;
"04-02-2014 00h00";87.14;0;26.6;0;0;0;
"05-02-2014 00h15";94.15;0;23.3;0;0;0;
"05-02-2014 00h30";89.15;0;26.8;0;0;0;
"05-02-2014 00h45";95.15;0;28.4;0;0;0;
"05-02-2014 01h00";86.14;0;21.5;0;0;0;
"05-02-2014 01h15";107.16;0;32.6;0;0;0;
"05-02-2014 01h30";103.16;0;33.2;0;0;0;
"05-02-2014 01h45";104.16;0;26.3;0;0;0;
"05-02-2014 02h00";100.16;0;26.9;0;0;0;
"05-02-2014 02h15";102.16;0;29.1;0;0;0;
"05-02-2014 02h30";102.16;0;26.1;0;0;0;
"05-02-2014 02h45";117.17;0;28.6;0;0;0;
"05-02-2014 03h00";110.16;0;32.9;0;0;0;
"05-02-2014 03h15";101.16;0;25;0;0;0;
"05-02-2014 03h30";109.16;0;24.8;0;0;0;
"05-02-2014 03h45";109.16;0;29.8;0;0;0;
"05-02-2014 04h00";107.16;0;30.6;0;0;0;
"05-02-2014 04h15";106.16;0;32.5;0;0;0;
"05-02-2014 04h30";99.15;0;27.8;0;0;0;
"05-02-2014 04h45";114.17;0;31.3;0;0;0;
"05-02-2014 05h00";106.16;0;29.5;0;0;0;
"05-02-2014 05h15";100.16;0;25.9;0;0;0;
"05-02-2014 05h30";108.16;0;28.7;0;0;0;
"05-02-2014 05h45";111.16;0;28;0;0;0;
"05-02-2014 06h00";104.16;0;27.3;0;0;0;
"05-02-2014 06h15";102.16;0;25.1;0;0;0;
"05-02-2014 06h30";107.16;0;26.6;0;0;0;
"05-02-2014 06h45";120.17;0;27.9;0;0;0;
"05-02-2014 07h00";169.58;0;43.8;0;0;0;
"05-02-2014 07h15";215.72;0;57.4;0;0;0;
"05-02-2014 07h30";195.66;0;53.4;0;0;0;
"05-02-2014 07h45";204.69;0;58.3;0;0;0;
"05-02-2014 08h00";191.65;0;52;0;0;0;
"05-02-2014 08h15";185.63;0;48.4;0;0;0;
"05-02-2014 08h30";171.59;0;48;0;0;0;
"05-02-2014 08h45";185.63;0;50.4;0;0;0;
"05-02-2014 09h00";190.65;0;51.9;0;0;0;
"05-02-2014 09h15";191.65;0;55;0;0;0;
"05-02-2014 09h30";189.64;0;53.8;0;0;0;
"05-02-2014 09h45";212.71;0;58.1;0;0;0;
"05-02-2014 10h00";195.66;0;53.4;0;0;0;
"05-02-2014 10h15";182.62;0;50.1;0;0;0;
"05-02-2014 10h30";186.63;0;50.5;0;0;0;
"05-02-2014 10h45";169.58;0;47.8;0;0;0;
"05-02-2014 11h00";183.62;0;51.2;0;0;0;
"05-02-2014 11h15";189.64;0;51.8;0;0;0;
"05-02-2014 11h30";186.63;0;54.5;0;0;0;
"05-02-2014 11h45";180.62;0;51.9;0;0;0;
"05-02-2014 12h00";174.6;0;49.3;0;0;0;
"05-02-2014 12h15";160.56;0;44.9;0;0;0;
"05-02-2014 12h30";186.63;0;54.5;0;0;0;
"05-02-2014 12h45";174.6;0;49.3;0;0;0;
"05-02-2014 13h00";170.59;0;45.9;0;0;0;
"05-02-2014 13h15";167.58;0;44.6;0;0;0;
"05-02-2014 13h30";171.59;0;49;0;0;0;
"05-02-2014 13h45";165.57;0;43.4;0;0;0;
"05-02-2014 14h00";160.56;0;42.9;0;0;0;
"05-02-2014 14h15";167.58;0;46.6;0;0;0;
"05-02-2014 14h30";160.56;0;45.9;0;0;0;
"05-02-2014 14h45";174.6;0;47.3;0;0;0;
"05-02-2014 15h00";168.58;0;45.7;0;0;0;
"05-02-2014 15h15";173.59;0;48.2;0;0;0;
"05-02-2014 15h30";174.6;0;51.3;0;0;0;
"05-02-2014 15h45";178.61;0;55.7;0;0;0;
"05-02-2014 16h00";178.61;0;51.7;0;0;0;
"05-02-2014 16h15";165.57;0;45.4;0;0;0;
"05-02-2014 16h30";164.57;0;45.3;0;0;0;
"05-02-2014 16h45";186.63;0;50.5;0;0;0;
"05-02-2014 17h00";186.63;0;52.5;0;0;0;
"05-02-2014 17h15";182.62;0;49.1;0;0;0;
"05-02-2014 17h30";180.62;0;47.9;0;0;0;
"05-02-2014 17h45";207.7;0;56.6;0;0;0;
"05-02-2014 18h00";201.68;0;52;0;0;0;
"05-02-2014 18h15";198.67;0;51.7;0;0;0;
"05-02-2014 18h30";206.69;0;53.5;0;0;0;
"05-02-2014 18h45";196.66;0;51.5;0;0;0;
"05-02-2014 19h00";200.68;0;53.9;0;0;0;
"05-02-2014 19h15";193.65;0;49.2;0;0;0;
"05-02-2014 19h30";191.65;0;50;0;0;0;
"05-02-2014 19h45";189.64;0;50.8;0;0;0;
"05-02-2014 20h00";189.64;0;49.8;0;0;0;
"05-02-2014 20h15";193.65;0;52.2;0;0;0;
"05-02-2014 20h30";190.65;0;54.9;0;0;0;
"05-02-2014 20h45";183.62;0;49.2;0;0;0;
"05-02-2014 21h00";183.62;0;45.2;0;0;0;
"05-02-2014 21h15";178.61;0;46.7;0;0;0;
"05-02-2014 21h30";180.62;0;47.9;0;0;0;
"05-02-2014 21h45";168.58;0;48.7;0;0;0;
"05-02-2014 22h00";173.59;0;47.2;0;0;0;
"05-02-2014 22h15";154.54;0;46.3;0;0;0;
"05-02-2014 22h30";132.47;0;37.1;0;0;0;
"05-02-2014 22h45";133.47;0;36.2;0;0;0;
"05-02-2014 23h00";118.17;0;33.7;0;0;0;
"05-02-2014 23h15";107.16;0;30.6;0;0;0;
"05-02-2014 23h30";108.16;0;34.7;0;0;0;
"05-02-2014 23h45";113.17;0;35.2;0;0;0;
"05-02-2014 00h00";106.16;0;35.5;0;0;0;
"06-02-2014 00h15";106.16;0;28.5;0;0;0;
"06-02-2014 00h30";114.17;0;35.3;0;0;0;
"06-02-2014 00h45";107.16;0;33.6;0;0;0;
"06-02-2014 01h00";103.16;0;30.2;0;0;0;
"06-02-2014 01h15";111.16;0;32;0;0;0;
"06-02-2014 01h30";110.16;0;34.9;0;0;0;
"06-02-2014 01h45";116.17;0;33.5;0;0;0;
"06-02-2014 02h00";109.16;0;25.8;0;0;0;
"06-02-2014 02h15";115.17;0;31.4;0;0;0;
"06-02-2014 02h30";108.16;0;31.7;0;0;0;
"06-02-2014 02h45";130.47;0;39.9;0;0;0;
"06-02-2014 03h00";123.17;0;36.2;0;0;0;
"06-02-2014 03h15";115.17;0;29.4;0;0;0;
"06-02-2014 03h30";113.17;0;30.2;0;0;0;
"06-02-2014 03h45";129.46;0;37.8;0;0;0;
"06-02-2014 04h00";126.45;0;36.5;0;0;0;
"06-02-2014 04h15";115.17;0;31.4;0;0;0;
"06-02-2014 04h30";117.17;0;33.6;0;0;0;
"06-02-2014 04h45";125.18;0;33.4;0;0;0;
"06-02-2014 05h00";123.17;0;36.2;0;0;0;
"06-02-2014 05h15";120.17;0;33.9;0;0;0;
"06-02-2014 05h30";113.17;0;30.2;0;0;0;
"06-02-2014 05h45";128.46;0;38.7;0;0;0;
"06-02-2014 06h00";123.17;0;37.2;0;0;0;
"06-02-2014 06h15";114.17;0;30.3;0;0;0;
"06-02-2014 06h30";139.49;0;41.8;0;0;0;
"06-02-2014 06h45";143.5;0;38.2;0;0;0;
"06-02-2014 07h00";189.64;0;49.8;0;0;0;
"06-02-2014 07h15";235.78;0;63.4;0;0;0;
"06-02-2014 07h30";197.67;0;54.6;0;0;0;
"06-02-2014 07h45";218.73;0;60.7;0;0;0;
"06-02-2014 08h00";196.66;0;53.5;0;0;0;
"06-02-2014 08h15";179.61;0;51.8;0;0;0;
"06-02-2014 08h30";176.6;0;52.5;0;0;0;
"06-02-2014 08h45";199.67;0;52.8;0;0;0;
"06-02-2014 09h00";208.7;0;58.7;0;0;0;
"06-02-2014 09h15";193.65;0;53.2;0;0;0;
"06-02-2014 09h30";188.64;0;47.7;0;0;0;
"06-02-2014 09h45";192.65;0;55.1;0;0;0;
"06-02-2014 10h00";186.63;0;51.5;0;0;0;
"06-02-2014 10h15";189.64;0;47.8;0;0;0;
"06-02-2014 10h30";188.64;0;53.7;0;0;0;
"06-02-2014 10h45";191.65;0;53;0;0;0;
"06-02-2014 11h00";196.66;0;53.5;0;0;0;
"06-02-2014 11h15";180.62;0;47.9;0;0;0;
"06-02-2014 11h30";186.63;0;52.5;0;0;0;
"06-02-2014 11h45";184.63;0;52.3;0;0;0;
"06-02-2014 12h00";183.62;0;53.2;0;0;0;
"06-02-2014 12h15";177.61;0;46.6;0;0;0;
"06-02-2014 12h30";187.64;0;48.6;0;0;0;
"06-02-2014 12h45";181.62;0;50;0;0;0;
"06-02-2014 13h00";172.59;0;49.1;0;0;0;
"06-02-2014 13h15";182.62;0;53.1;0;0;0;
"06-02-2014 13h30";173.59;0;49.2;0;0;0;
"06-02-2014 13h45";175.6;0;51.4;0;0;0;
"06-02-2014 14h00";167.58;0;45.6;0;0;0;
"06-02-2014 14h15";164.57;0;49.3;0;0;0;
"06-02-2014 14h30";168.58;0;47.7;0;0;0;
"06-02-2014 14h45";183.62;0;52.2;0;0;0;
"06-02-2014 15h00";179.61;0;52.8;0;0;0;
"06-02-2014 15h15";178.61;0;49.7;0;0;0;
"06-02-2014 15h30";179.61;0;54.8;0;0;0;
"06-02-2014 15h45";183.62;0;46.2;0;0;0;
"06-02-2014 16h00";180.62;0;48.9;0;0;0;
"06-02-2014 16h15";168.58;0;47.7;0;0;0;
"06-02-2014 16h30";178.61;0;46.7;0;0;0;
"06-02-2014 16h45";181.62;0;52;0;0;0;
"06-02-2014 17h00";190.65;0;49.9;0;0;0;
"06-02-2014 17h15";190.65;0;55.9;0;0;0;
"06-02-2014 17h30";179.61;0;48.8;0;0;0;
"06-02-2014 17h45";191.65;0;58;0;0;0;
"06-02-2014 18h00";202.68;0;56.1;0;0;0;
"06-02-2014 18h15";202.68;0;52.1;0;0;0;
"06-02-2014 18h30";202.68;0;56.1;0;0;0;
"06-02-2014 18h45";209.7;0;58.8;0;0;0;
"06-02-2014 19h00";193.65;0;54.2;0;0;0;
"06-02-2014 19h15";205.69;0;57.4;0;0;0;
"06-02-2014 19h30";193.65;0;57.2;0;0;0;
"06-02-2014 19h45";202.68;0;57.1;0;0;0;
"06-02-2014 20h00";201.68;0;59;0;0;0;
"06-02-2014 20h15";197.67;0;54.6;0;0;0;
"06-02-2014 20h30";178.61;0;48.7;0;0;0;
"06-02-2014 20h45";185.63;0;52.4;0;0;0;
"06-02-2014 21h00";186.63;0;54.5;0;0;0;
"06-02-2014 21h15";178.61;0;48.7;0;0;0;
"06-02-2014 21h30";182.62;0;50.1;0;0;0;
"06-02-2014 21h45";177.61;0;49.6;0;0;0;
"06-02-2014 22h00";186.63;0;49.5;0;0;0;
"06-02-2014 22h15";169.58;0;46.8;0;0;0;
"06-02-2014 22h30";150.53;0;42.9;0;0;0;
"06-02-2014 22h45";135.48;0;36.4;0;0;0;
"06-02-2014 23h00";120.17;0;31.9;0;0;0;
"06-02-2014 23h15";93.15;0;24.2;0;0;0;
"06-02-2014 23h30";73.13;0;22.2;0;0;0;
"06-02-2014 23h45";76.14;0;26.5;0;0;0;
"06-02-2014 00h00";69.13;0;20.8;0;0;0;
"07-02-2014 00h15";72.13;0;17.1;0;0;0;
"07-02-2014 00h30";83.14;0;22.2;0;0;0;
"07-02-2014 00h45";77.14;0;26.6;0;0;0;
"07-02-2014 01h00";75.14;0;25.4;0;0;0;
"07-02-2014 01h15";90.15;0;23.9;0;0;0;
"07-02-2014 01h30";87.14;0;26.6;0;0;0;
"07-02-2014 01h45";96.15;0;30.5;0;0;0;
"07-02-2014 02h00";85.14;0;23.4;0;0;0;
"07-02-2014 02h15";88.15;0;28.7;0;0;0;
"07-02-2014 02h30";87.14;0;23.6;0;0;0;
"07-02-2014 02h45";102.16;0;34.1;0;0;0;
"07-02-2014 03h00";94.15;0;26.3;0;0;0;
"07-02-2014 03h15";87.14;0;21.6;0;0;0;
"07-02-2014 03h30";88.15;0;26.7;0;0;0;
"07-02-2014 03h45";101.16;0;28;0;0;0;
"07-02-2014 04h00";91.15;0;26;0;0;0;
"07-02-2014 04h15";93.15;0;27.2;0;0;0;
"07-02-2014 04h30";93.15;0;25.2;0;0;0;
"07-02-2014 04h45";98.15;0;28.7;0;0;0;
"07-02-2014 05h00";95.15;0;27.4;0;0;0;
"07-02-2014 05h15";90.15;0;21.9;0;0;0;
"07-02-2014 05h30";94.15;0;28.3;0;0;0;
"07-02-2014 05h45";97.15;0;28.6;0;0;0;
"07-02-2014 06h00";90.15;0;24.9;0;0;0;
"07-02-2014 06h15";92.15;0;25.1;0;0;0;
"07-02-2014 06h30";96.15;0;27.5;0;0;0;
"07-02-2014 06h45";112.16;0;30.1;0;0;0;
"07-02-2014 07h00";153.53;0;38.2;0;0;0;
"07-02-2014 07h15";206.69;0;49.5;0;0;0;
"07-02-2014 07h30";187.64;0;49.6;0;0;0;
"07-02-2014 07h45";190.65;0;55.9;0;0;0;
"07-02-2014 08h00";182.62;0;54.1;0;0;0;
"07-02-2014 08h15";184.63;0;47.3;0;0;0;
"07-02-2014 08h30";167.58;0;46.6;0;0;0;
"07-02-2014 08h45";190.65;0;51.9;0;0;0;
"07-02-2014 09h00";173.59;0;47.2;0;0;0;
"07-02-2014 09h15";183.62;0;53.2;0;0;0;
"07-02-2014 09h30";183.62;0;53.2;0;0;0;
"07-02-2014 09h45";200.68;0;58.9;0;0;0;
"07-02-2014 10h00";198.67;0;54.7;0;0;0;
"07-02-2014 10h15";178.61;0;49.7;0;0;0;
"07-02-2014 10h30";183.62;0;54.2;0;0;0;
"07-02-2014 10h45";183.62;0;50.2;0;0;0;
"07-02-2014 11h00";189.64;0;53.8;0;0;0;
"07-02-2014 11h15";189.64;0;54.8;0;0;0;
"07-02-2014 11h30";176.6;0;50.5;0;0;0;
"07-02-2014 11h45";180.62;0;48.9;0;0;0;
"07-02-2014 12h00";176.6;0;44.5;0;0;0;
"07-02-2014 12h15";159.55;0;43.8;0;0;0;
"07-02-2014 12h30";188.64;0;51.7;0;0;0;
"07-02-2014 12h45";168.58;0;45.7;0;0;0;
"07-02-2014 13h00";167.58;0;44.6;0;0;0;
"07-02-2014 13h15";177.61;0;46.6;0;0;0;
"07-02-2014 13h30";183.62;0;48.2;0;0;0;
"07-02-2014 13h45";178.61;0;49.7;0;0;0;
"07-02-2014 14h00";177.61;0;51.6;0;0;0;
"07-02-2014 14h15";165.57;0;43.4;0;0;0;
"07-02-2014 14h30";175.6;0;47.4;0;0;0;
"07-02-2014 14h45";185.63;0;54.4;0;0;0;
"07-02-2014 15h00";185.63;0;52.4;0;0;0;
"07-02-2014 15h15";186.63;0;48.5;0;0;0;
"07-02-2014 15h30";176.6;0;49.5;0;0;0;
"07-02-2014 15h45";194.66;0;52.3;0;0;0;
"07-02-2014 16h00";191.65;0;48;0;0;0;
"07-02-2014 16h15";183.62;0;50.2;0;0;0;
"07-02-2014 16h30";181.62;0;51;0;0;0;
"07-02-2014 16h45";189.64;0;54.8;0;0;0;
"07-02-2014 17h00";174.6;0;48.3;0;0;0;
"07-02-2014 17h15";167.58;0;46.6;0;0;0;
"07-02-2014 17h30";184.63;0;51.3;0;0;0;
"07-02-2014 17h45";204.69;0;53.3;0;0;0;
"07-02-2014 18h00";215.72;0;57.4;0;0;0;
"07-02-2014 18h15";206.69;0;55.5;0;0;0;
"07-02-2014 18h30";220.74;0;60.9;0;0;0;
"07-02-2014 18h45";211.71;0;59;0;0;0;
"07-02-2014 19h00";199.67;0;52.8;0;0;0;
"07-02-2014 19h15";202.68;0;55.1;0;0;0;
"07-02-2014 19h30";205.69;0;59.4;0;0;0;
"07-02-2014 19h45";203.68;0;53.2;0;0;0;
"07-02-2014 20h00";207.7;0;56.6;0;0;0;
"07-02-2014 20h15";213.71;0;62.2;0;0;0;
"07-02-2014 20h30";184.63;0;50.3;0;0;0;
"07-02-2014 20h45";182.62;0;52.1;0;0;0;
"07-02-2014 21h00";178.61;0;49.7;0;0;0;
"07-02-2014 21h15";174.6;0;50.3;0;0;0;
"07-02-2014 21h30";179.61;0;49.8;0;0;0;
"07-02-2014 21h45";182.62;0;54.1;0;0;0;
"07-02-2014 22h00";185.63;0;51.4;0;0;0;
"07-02-2014 22h15";168.58;0;46.7;0;0;0;
"07-02-2014 22h30";152.53;0;41.1;0;0;0;
"07-02-2014 22h45";132.47;0;38.1;0;0;0;
"07-02-2014 23h00";127.46;0;35.6;0;0;0;
"07-02-2014 23h15";104.16;0;29.3;0;0;0;
"07-02-2014 23h30";78.14;0;21.7;0;0;0;
"07-02-2014 23h45";80.14;0;23.9;0;0;0;
"07-02-2014 00h00";81.14;0;25;0;0;0;
"08-02-2014 00h15";74.13;0;20.3;0;0;0;
"08-02-2014 00h30";85.14;0;26.4;0;0;0;
"08-02-2014 00h45";82.14;0;27.1;0;0;0;
"08-02-2014 01h00";83.14;0;22.2;0;0;0;
"08-02-2014 01h15";91.15;0;27;0;0;0;
"08-02-2014 01h30";91.15;0;27;0;0;0;
"08-02-2014 01h45";94.15;0;27.3;0;0;0;
"08-02-2014 02h00";85.14;0;20.4;0;0;0;
"08-02-2014 02h15";92.15;0;25.1;0;0;0;
"08-02-2014 02h30";87.14;0;28.6;0;0;0;
"08-02-2014 02h45";104.16;0;32.3;0;0;0;
"08-02-2014 03h00";99.15;0;30.8;0;0;0;
"08-02-2014 03h15";97.15;0;25.6;0;0;0;
"08-02-2014 03h30";91.15;0;29;0;0;0;
"08-02-2014 03h45";102.16;0;29.1;0;0;0;
"08-02-2014 04h00";99.15;0;27.8;0;0;0;
"08-02-2014 04h15";96.15;0;29.5;0;0;0;
"08-02-2014 04h30";91.15;0;29;0;0;0;
"08-02-2014 04h45";98.15;0;25.7;0;0;0;
"08-02-2014 05h00";96.15;0;25.5;0;0;0;
"08-02-2014 05h15";98.15;0;31.7;0;0;0;
"08-02-2014 05h30";91.15;0;27;0;0;0;
"08-02-2014 05h45";105.16;0;35.4;0;0;0;
"08-02-2014 06h00";99.15;0;27.8;0;0;0;
"08-02-2014 06h15";87.14;0;25.6;0;0;0;
"08-02-2014 06h30";102.16;0;29.1;0;0;0;
"08-02-2014 06h45";119.17;0;32.8;0;0;0;
"08-02-2014 07h00";157.55;0;40.6;0;0;0;
"08-02-2014 07h15";200.68;0;51.9;0;0;0;
"08-02-2014 07h30";184.63;0;54.3;0;0;0;
"08-02-2014 07h45";209.7;0;54.8;0;0;0;
"08-02-2014 08h00";192.65;0;52.1;0;0;0;
"08-02-2014 08h15";182.62;0;52.1;0;0;0;
"08-02-2014 08h30";175.6;0;50.4;0;0;0;
"08-02-2014 08h45";183.62;0;52.2;0;0;0;
"08-02-2014 09h00";176.6;0;49.5;0;0;0;
"08-02-2014 09h15";192.65;0;52.1;0;0;0;
"08-02-2014 09h30";184.63;0;56.3;0;0;0;
"08-02-2014 09h45";206.69;0;60.5;0;0;0;
"08-02-2014 10h00";200.68;0;56.9;0;0;0;
"08-02-2014 10h15";200.68;0;54.9;0;0;0;
"08-02-2014 10h30";188.64;0;49.7;0;0;0;
"08-02-2014 10h45";207.7;0;57.6;0;0;0;
"08-02-2014 11h00";212.71;0;62.1;0;0;0;
"08-02-2014 11h15";201.68;0;57;0;0;0;
"08-02-2014 11h30";199.67;0;57.8;0;0;0;
"08-02-2014 11h45";215.72;0;62.4;0;0;0;
"08-02-2014 12h00";197.67;0;56.6;0;0;0;
"08-02-2014 12h15";183.62;0;50.2;0;0;0;
"08-02-2014 12h30";189.64;0;51.8;0;0;0;
"08-02-2014 12h45";187.64;0;49.6;0;0;0;
"08-02-2014 13h00";188.64;0;53.7;0;0;0;
"08-02-2014 13h15";184.63;0;50.3;0;0;0;
"08-02-2014 13h30";185.63;0;51.4;0;0;0;
"08-02-2014 13h45";174.6;0;49.3;0;0;0;
"08-02-2014 14h00";176.6;0;49.5;0;0;0;
"08-02-2014 14h15";177.61;0;48.6;0;0;0;
"08-02-2014 14h30";167.58;0;44.6;0;0;0;
"08-02-2014 14h45";177.61;0;49.6;0;0;0;
"08-02-2014 15h00";175.6;0;50.4;0;0;0;
"08-02-2014 15h15";176.6;0;49.5;0;0;0;
"08-02-2014 15h30";185.63;0;51.4;0;0;0;
"08-02-2014 15h45";197.67;0;55.6;0;0;0;
"08-02-2014 16h00";193.65;0;52.2;0;0;0;
"08-02-2014 16h15";196.66;0;54.5;0;0;0;
"08-02-2014 16h30";195.66;0;50.4;0;0;0;
"08-02-2014 16h45";190.65;0;53.9;0;0;0;
"08-02-2014 17h00";183.62;0;52.2;0;0;0;
"08-02-2014 17h15";178.61;0;49.7;0;0;0;
"08-02-2014 17h30";174.6;0;45.3;0;0;0;
"08-02-2014 17h45";193.65;0;56.2;0;0;0;
"08-02-2014 18h00";206.69;0;57.5;0;0;0;
"08-02-2014 18h15";209.7;0;54.8;0;0;0;
"08-02-2014 18h30";220.74;0;59.9;0;0;0;
"08-02-2014 18h45";213.71;0;57.2;0;0;0;
"08-02-2014 19h00";193.65;0;50.2;0;0;0;
"08-02-2014 19h15";202.68;0;55.1;0;0;0;
"08-02-2014 19h30";209.7;0;58.8;0;0;0;
"08-02-2014 19h45";199.67;0;54.8;0;0;0;
"08-02-2014 20h00";203.68;0;53.2;0;0;0;
"08-02-2014 20h15";201.68;0;54;0;0;0;
"08-02-2014 20h30";184.63;0;48.3;0;0;0;
"08-02-2014 20h45";183.62;0;51.2;0;0;0;
"08-02-2014 21h00";176.6;0;45.5;0;0;0;
"08-02-2014 21h15";175.6;0;47.4;0;0;0;
"08-02-2014 21h30";187.64;0;51.6;0;0;0;
"08-02-2014 21h45";176.6;0;49.5;0;0;0;
"08-02-2014 22h00";186.63;0;51.5;0;0;0;
"08-02-2014 22h15";165.57;0;47.4;0;0;0;
"08-02-2014 22h30";139.49;0;31.8;0;0;0;
"08-02-2014 22h45";128.46;0;34.7;0;0;0;
"08-02-2014 23h00";117.17;0;30.6;0;0;0;
"08-02-2014 23h15";94.15;0;26.3;0;0;0;
"08-02-2014 23h30";84.14;0;28.3;0;0;0;
"08-02-2014 23h45";82.14;0;27.1;0;0;0;
"08-02-2014 00h00";81.14;0;25;0;0;0;
"09-02-2014 00h15";82.14;0;27.1;0;0;0;
"09-02-2014 00h30";83.14;0;25.2;0;0;0;
"09-02-2014 00h45";87.14;0;26.6;0;0;0;
"09-02-2014 01h00";82.14;0;25.1;0;0;0;
"09-02-2014 01h15";93.15;0;25.2;0;0;0;
"09-02-2014 01h30";94.15;0;30.3;0;0;0;
"09-02-2014 01h45";98.15;0;29.7;0;0;0;
"09-02-2014 02h00";94.15;0;27.3;0;0;0;
"09-02-2014 02h15";95.15;0;26.4;0;0;0;
"09-02-2014 02h30";95.15;0;26.4;0;0;0;
"09-02-2014 02h45";103.16;0;31.2;0;0;0;
"09-02-2014 03h00";96.15;0;29.5;0;0;0;
"09-02-2014 03h15";94.15;0;28.3;0;0;0;
"09-02-2014 03h30";96.15;0;29.5;0;0;0;
"09-02-2014 03h45";102.16;0;32.1;0;0;0;
"09-02-2014 04h00";99.15;0;30.8;0;0;0;
"09-02-2014 04h15";97.15;0;30.6;0;0;0;
"09-02-2014 04h30";88.15;0;24.7;0;0;0;
"09-02-2014 04h45";100.16;0;28.9;0;0;0;
"09-02-2014 05h00";103.16;0;32.2;0;0;0;
"09-02-2014 05h15";94.15;0;28.3;0;0;0;
"09-02-2014 05h30";93.15;0;28.2;0;0;0;
"09-02-2014 05h45";104.16;0;29.3;0;0;0;
"09-02-2014 06h00";94.15;0;27.3;0;0;0;
"09-02-2014 06h15";93.15;0;24.2;0;0;0;
"09-02-2014 06h30";98.15;0;27.7;0;0;0;
"09-02-2014 06h45";113.17;0;28.2;0;0;0;
"09-02-2014 07h00";161.56;0;44;0;0;0;
"09-02-2014 07h15";209.7;0;57.8;0;0;0;
"09-02-2014 07h30";175.6;0;49.4;0;0;0;
"09-02-2014 07h45";195.66;0;58.4;0;0;0;
"09-02-2014 08h00";202.68;0;54.1;0;0;0;
"09-02-2014 08h15";187.64;0;49.6;0;0;0;
"09-02-2014 08h30";170.59;0;47.9;0;0;0;
"09-02-2014 08h45";190.65;0;54.9;0;0;0;
"09-02-2014 09h00";185.63;0;49.4;0;0;0;
"09-02-2014 09h15";182.62;0;51.1;0;0;0;
"09-02-2014 09h30";188.64;0;53.7;0;0;0;
"09-02-2014 09h45";210.71;0;59.9;0;0;0;
"09-02-2014 10h00";212.71;0;59.1;0;0;0;
"09-02-2014 10h15";203.68;0;58.2;0;0;0;
"09-02-2014 10h30";206.69;0;57.5;0;0;0;
"09-02-2014 10h45";201.68;0;55;0;0;0;
"09-02-2014 11h00";195.66;0;57.4;0;0;0;
"09-02-2014 11h15";195.66;0;54.4;0;0;0;
"09-02-2014 11h30";199.67;0;56.8;0;0;0;
"09-02-2014 11h45";205.69;0;55.4;0;0;0;
"09-02-2014 12h00";195.66;0;56.4;0;0;0;
"09-02-2014 12h15";186.63;0;50.5;0;0;0;
"09-02-2014 12h30";200.68;0;57.9;0;0;0;
"09-02-2014 12h45";203.68;0;59.2;0;0;0;
"09-02-2014 13h00";192.65;0;54.1;0;0;0;
"09-02-2014 13h15";194.66;0;53.3;0;0;0;
"09-02-2014 13h30";195.66;0;54.4;0;0;0;
"09-02-2014 13h45";193.65;0;54.2;0;0;0;
"09-02-2014 14h00";186.63;0;55.5;0;0;0;
"09-02-2014 14h15";184.63;0;52.3;0;0;0;
"09-02-2014 14h30";181.62;0;47;0;0;0;
"09-02-2014 14h45";190.65;0;53.9;0;0;0;
"09-02-2014 15h00";184.63;0;49.3;0;0;0;
"09-02-2014 15h15";201.68;0;53;0;0;0;
"09-02-2014 15h30";196.66;0;54.5;0;0;0;
"09-02-2014 15h45";216.72;0;61.5;0;0;0;
"09-02-2014 16h00";201.68;0;56;0;0;0;
"09-02-2014 16h15";190.65;0;58.9;0;0;0;
"09-02-2014 16h30";176.6;0;49.5;0;0;0;
"09-02-2014 16h45";196.66;0;54.5;0;0;0;
"09-02-2014 17h00";198.67;0;52.7;0;0;0;
"09-02-2014 17h15";192.65;0;56.1;0;0;0;
"09-02-2014 17h30";182.62;0;51.1;0;0;0;
"09-02-2014 17h45";200.68;0;53.9;0;0;0;
"09-02-2014 18h00";201.68;0;55;0;0;0;
"09-02-2014 18h15";193.65;0;55.2;0;0;0;
"09-02-2014 18h30";201.68;0;58;0;0;0;
"09-02-2014 18h45";203.68;0;53.2;0;0;0;
"09-02-2014 19h00";192.65;0;54.1;0;0;0;
"09-02-2014 19h15";197.67;0;57.6;0;0;0;
"09-02-2014 19h30";195.66;0;52.4;0;0;0;
"09-02-2014 19h45";196.66;0;54.5;0;0;0;
"09-02-2014 20h00";143.5;0;38.2;0;0;0;
"09-02-2014 20h15";181.62;0;49;0;0;0;
"09-02-2014 20h30";176.6;0;45.5;0;0;0;
"09-02-2014 20h45";173.59;0;48.2;0;0;0;
"09-02-2014 21h00";172.59;0;47.1;0;0;0;
"09-02-2014 21h15";171.59;0;47;0;0;0;
"09-02-2014 21h30";176.6;0;51.5;0;0;0;
"09-02-2014 21h45";170.59;0;46.9;0;0;0;
"09-02-2014 22h00";169.58;0;46.8;0;0;0;
"09-02-2014 22h15";153.53;0;44.2;0;0;0;
"09-02-2014 22h30";132.47;0;34.1;0;0;0;
"09-02-2014 22h45";129.46;0;34.8;0;0;0;
"09-02-2014 23h00";115.17;0;31.4;0;0;0;
"09-02-2014 23h15";91.15;0;30;0;0;0;
"09-02-2014 23h30";76.14;0;20.5;0;0;0;
"09-02-2014 23h45";78.14;0;22.7;0;0;0;
"09-02-2014 00h00";77.14;0;25.6;0;0;0;
"10-02-2014 00h15";72.13;0;17.1;0;0;0;
"10-02-2014 00h30";75.14;0;25.4;0;0;0;
"10-02-2014 00h45";80.14;0;24.9;0;0;0;
"10-02-2014 01h00";78.14;0;23.7;0;0;0;
"10-02-2014 01h15";81.14;0;23;0;0;0;
"10-02-2014 01h30";76.14;0;20.5;0;0;0;
"10-02-2014 01h45";79.14;0;24.8;0;0;0;
"10-02-2014 02h00";77.14;0;21.6;0;0;0;
"10-02-2014 02h15";75.14;0;25.4;0;0;0;
"10-02-2014 02h30";77.14;0;23.6;0;0;0;
"10-02-2014 02h45";91.15;0;27;0;0;0;
"10-02-2014 03h00";80.14;0;21.9;0;0;0;
"10-02-2014 03h15";75.14;0;18.4;0;0;0;
"10-02-2014 03h30";78.14;0;23.7;0;0;0;
"10-02-2014 03h45";84.14;0;26.3;0;0;0;
"10-02-2014 04h00";79.14;0;24.8;0;0;0;
"10-02-2014 04h15";79.14;0;25.8;0;0;0;
"10-02-2014 04h30";74.13;0;22.3;0;0;0;
"10-02-2014 04h45";81.14;0;25;0;0;0;
"10-02-2014 05h00";78.14;0;21.7;0;0;0;
"10-02-2014 05h15";72.13;0;17.1;0;0;0;
"10-02-2014 05h30";77.14;0;21.6;0;0;0;
"10-02-2014 05h45";85.14;0;22.4;0;0;0;
"10-02-2014 06h00";75.14;0;20.4;0;0;0;
"10-02-2014 06h15";78.14;0;25.7;0;0;0;
"10-02-2014 06h30";80.14;0;18.9;0;0;0;
"10-02-2014 06h45";96.15;0;26.5;0;0;0;
"10-02-2014 07h00";113.17;0;32.2;0;0;0;
"10-02-2014 07h15";174.6;0;46.3;0;0;0;
"10-02-2014 07h30";183.62;0;54.2;0;0;0;
"10-02-2014 07h45";183.62;0;54.2;0;0;0;
"10-02-2014 08h00";169.58;0;48.8;0;0;0;
"10-02-2014 08h15";184.63;0;52.3;0;0;0;
"10-02-2014 08h30";162.56;0;52.1;0;0;0;
"10-02-2014 08h45";175.6;0;50.4;0;0;0;
"10-02-2014 09h00";181.62;0;55;0;0;0;
"10-02-2014 09h15";186.63;0;51.5;0;0;0;
"10-02-2014 09h30";186.63;0;53.5;0;0;0;
"10-02-2014 09h45";207.7;0;56.6;0;0;0;
"10-02-2014 10h00";204.69;0;58.3;0;0;0;
"10-02-2014 10h15";213.71;0;58.2;0;0;0;
"10-02-2014 10h30";194.66;0;56.3;0;0;0;
"10-02-2014 10h45";198.67;0;59.7;0;0;0;
"10-02-2014 11h00";199.67;0;50.8;0;0;0;
"10-02-2014 11h15";199.67;0;55.8;0;0;0;
"10-02-2014 11h30";180.62;0;49.9;0;0;0;
"10-02-2014 11h45";182.62;0;51.1;0;0;0;
"10-02-2014 12h00";181.62;0;49;0;0;0;
"10-02-2014 12h15";168.58;0;48.7;0;0;0;
"10-02-2014 12h30";187.64;0;53.6;0;0;0;
"10-02-2014 12h45";181.62;0;53;0;0;0;
"10-02-2014 13h00";170.59;0;50.9;0;0;0;
"10-02-2014 13h15";171.59;0;49;0;0;0;
"10-02-2014 13h30";165.57;0;45.4;0;0;0;
"10-02-2014 13h45";166.57;0;45.5;0;0;0;
"10-02-2014 14h00";162.56;0;45.1;0;0;0;
"10-02-2014 14h15";158.55;0;44.7;0;0;0;
"10-02-2014 14h30";157.55;0;44.6;0;0;0;
"10-02-2014 14h45";174.6;0;48.3;0;0;0;
"10-02-2014 15h00";164.57;0;42.3;0;0;0;
"10-02-2014 15h15";168.58;0;47.7;0;0;0;
"10-02-2014 15h30";169.58;0;47.8;0;0;0;
"10-02-2014 15h45";189.64;0;57.8;0;0;0;
"10-02-2014 16h00";192.65;0;55.1;0;0;0;
"10-02-2014 16h15";173.59;0;48.2;0;0;0;
"10-02-2014 16h30";174.6;0;49.3;0;0;0;
"10-02-2014 16h45";192.65;0;53.1;0;0;0;
"10-02-2014 17h00";181.62;0;52;0;0;0;
"10-02-2014 17h15";191.65;0;56;0;0;0;
"10-02-2014 17h30";183.62;0;51.2;0;0;0;
"10-02-2014 17h45";212.71;0;59.1;0;0;0;
"10-02-2014 18h00";193.65;0;54.2;0;0;0;
"10-02-2014 18h15";192.65;0;51.1;0;0;0;
"10-02-2014 18h30";200.68;0;52.9;0;0;0;
"10-02-2014 18h45";205.69;0;57.4;0;0;0;
"10-02-2014 19h00";204.69;0;58.3;0;0;0;
"10-02-2014 19h15";206.69;0;55.5;0;0;0;
"10-02-2014 19h30";203.68;0;55.2;0;0;0;
"10-02-2014 19h45";208.7;0;54.7;0;0;0;
"10-02-2014 20h00";199.67;0;54.8;0;0;0;
"10-02-2014 20h15";185.63;0;51.4;0;0;0;
"10-02-2014 20h30";184.63;0;52.3;0;0;0;
"10-02-2014 20h45";187.64;0;52.6;0;0;0;
"10-02-2014 21h00";184.63;0;46.3;0;0;0;
"10-02-2014 21h15";190.65;0;51.9;0;0;0;
"10-02-2014 21h30";185.63;0;51.4;0;0;0;
"10-02-2014 21h45";182.62;0;51.1;0;0;0;
"10-02-2014 22h00";182.62;0;51.1;0;0;0;
"10-02-2014 22h15";166.57;0;46.5;0;0;0;
"10-02-2014 22h30";155.54;0;44.4;0;0;0;
"10-02-2014 22h45";135.48;0;35.4;0;0;0;
"10-02-2014 23h00";120.17;0;31.9;0;0;0;
"10-02-2014 23h15";98.15;0;25.7;0;0;0;
"10-02-2014 23h30";100.16;0;29.9;0;0;0;
"10-02-2014 23h45";93.15;0;24.2;0;0;0;
"10-02-2014 00h00";94.15;0;26.3;0;0;0;
"11-02-2014 00h15";95.15;0;27.4;0;0;0;
"11-02-2014 00h30";93.15;0;27.2;0;0;0;
"11-02-2014 00h45";98.15;0;25.7;0;0;0;
"11-02-2014 01h00";92.15;0;26.1;0;0;0;
"11-02-2014 01h15";112.16;0;29.1;0;0;0;
"11-02-2014 01h30";112.16;0;30.1;0;0;0;
"11-02-2014 01h45";115.17;0;33.4;0;0;0;
"11-02-2014 02h00";115.17;0;33.4;0;0;0;
"11-02-2014 02h15";108.16;0;31.7;0;0;0;
"11-02-2014 02h30";106.16;0;28.5;0;0;0;
"11-02-2014 02h45";102.16;0;29.1;0;0;0;
"11-02-2014 03h00";94.15;0;29.3;0;0;0;
"11-02-2014 03h15";94.15;0;27.3;0;0;0;
"11-02-2014 03h30";92.15;0;25.1;0;0;0;
"11-02-2014 03h45";112.16;0;35.1;0;0;0;
"11-02-2014 04h00";106.16;0;30.5;0;0;0;
"11-02-2014 04h15";99.15;0;27.8;0;0;0;
"11-02-2014 04h30";98.15;0;27.7;0;0;0;
"11-02-2014 04h45";104.16;0;35.3;0;0;0;
"11-02-2014 05h00";104.16;0;33.3;0;0;0;
"11-02-2014 05h15";97.15;0;28.6;0;0;0;
"11-02-2014 05h30";99.15;0;29.8;0;0;0;
"11-02-2014 05h45";108.16;0;33.7;0;0;0;
"11-02-2014 06h00";99.15;0;27.8;0;0;0;
"11-02-2014 06h15";96.15;0;24.5;0;0;0;
"11-02-2014 06h30";107.16;0;28.6;0;0;0;
"11-02-2014 06h45";112.16;0;29.1;0;0;0;
"11-02-2014 07h00";133.47;0;32.2;0;0;0;
"11-02-2014 07h15";195.66;0;48.4;0;0;0;
"11-02-2014 07h30";193.65;0;52.2;0;0;0;
"11-02-2014 07h45";206.69;0;56.5;0;0;0;
"11-02-2014 08h00";197.67;0;51.6;0;0;0;
"11-02-2014 08h15";189.64;0;53.8;0;0;0;
"11-02-2014 08h30";170.59;0;51.9;0;0;0;
"11-02-2014 08h45";178.61;0;49.7;0;0;0;
"11-02-2014 09h00";189.64;0;52.8;0;0;0;
"11-02-2014 09h15";186.63;0;50.5;0;0;0;
"11-02-2014 09h30";188.64;0;55.7;0;0;0;
"11-02-2014 09h45";205.69;0;54.4;0;0;0;
"11-02-2014 10h00";216.72;0;59.5;0;0;0;
"11-02-2014 10h15";196.66;0;51.5;0;0;0;
"11-02-2014 10h30";199.67;0;59.8;0;0;0;
"11-02-2014 10h45";197.67;0;57.6;0;0;0;
"11-02-2014 11h00";204.69;0;57.3;0;0;0;
"11-02-2014 11h15";193.65;0;51.2;0;0;0;
"11-02-2014 11h30";189.64;0;55.8;0;0;0;
"11-02-2014 11h45";200.68;0;57.9;0;0;0;
"11-02-2014 12h00";204.69;0;56.3;0;0;0;
"11-02-2014 12h15";184.63;0;50.3;0;0;0;
"11-02-2014 12h30";195.66;0;57.4;0;0;0;
"11-02-2014 12h45";185.63;0;50.4;0;0;0;
"11-02-2014 13h00";180.62;0;48.9;0;0;0;
"11-02-2014 13h15";175.6;0;48.4;0;0;0;
"11-02-2014 13h30";185.63;0;50.4;0;0;0;
"11-02-2014 13h45";180.62;0;52.9;0;0;0;
"11-02-2014 14h00";186.63;0;51.5;0;0;0;
"11-02-2014 14h15";168.58;0;49.7;0;0;0;
"11-02-2014 14h30";156.54;0;47.5;0;0;0;
"11-02-2014 14h45";177.61;0;50.6;0;0;0;
"11-02-2014 15h00";164.57;0;45.3;0;0;0;
"11-02-2014 15h15";173.59;0;47.2;0;0;0;
"11-02-2014 15h30";193.65;0;51.2;0;0;0;
"11-02-2014 15h45";199.67;0;57.8;0;0;0;
"11-02-2014 16h00";194.66;0;60.3;0;0;0;
"11-02-2014 16h15";196.66;0;59.5;0;0;0;
"11-02-2014 16h30";191.65;0;53;0;0;0;
"11-02-2014 16h45";198.67;0;52.7;0;0;0;
"11-02-2014 17h00";197.67;0;52.6;0;0;0;
"11-02-2014 17h15";183.62;0;54.2;0;0;0;
"11-02-2014 17h30";194.66;0;53.3;0;0;0;
"11-02-2014 17h45";199.67;0;57.8;0;0;0;
"11-02-2014 18h00";202.68;0;56.1;0;0;0;
"11-02-2014 18h15";191.65;0;52;0;0;0;
"11-02-2014 18h30";207.7;0;57.6;0;0;0;
"11-02-2014 18h45";193.65;0;55.2;0;0;0;
"11-02-2014 19h00";189.64;0;50.8;0;0;0;
"11-02-2014 19h15";199.67;0;55.8;0;0;0;
"11-02-2014 19h30";192.65;0;55.1;0;0;0;
"11-02-2014 19h45";195.66;0;53.4;0;0;0;
"11-02-2014 20h00";190.65;0;55.9;0;0;0;
"11-02-2014 20h15";194.66;0;55.3;0;0;0;
"11-02-2014 20h30";186.63;0;53.5;0;0;0;
"11-02-2014 20h45";184.63;0;49.3;0;0;0;
"11-02-2014 21h00";183.62;0;49.2;0;0;0;
"11-02-2014 21h15";188.64;0;51.7;0;0;0;
"11-02-2014 21h30";189.64;0;56.8;0;0;0;
"11-02-2014 21h45";174.6;0;47.3;0;0;0;
"11-02-2014 22h00";173.59;0;54.2;0;0;0;
"11-02-2014 22h15";172.59;0;50.1;0;0;0;
"11-02-2014 22h30";157.55;0;47.6;0;0;0;
"11-02-2014 22h45";141.5;0;41;0;0;0;
"11-02-2014 23h00";117.17;0;30.6;0;0;0;
"11-02-2014 23h15";99.15;0;28.8;0;0;0;
"11-02-2014 23h30";81.14;0;26;0;0;0;
"11-02-2014 23h45";75.14;0;24.4;0;0;0;
"11-02-2014 00h00";79.14;0;24.8;0;0;0;
"12-02-2014 00h15";74.13;0;25.3;0;0;0;
"12-02-2014 00h30";78.14;0;24.7;0;0;0;
"12-02-2014 00h45";79.14;0;24.8;0;0;0;
"12-02-2014 01h00";79.14;0;23.8;0;0;0;
"12-02-2014 01h15";95.15;0;29.4;0;0;0;
"12-02-2014 01h30";95.15;0;29.4;0;0;0;
"12-02-2014 01h45";93.15;0;28.2;0;0;0;
"12-02-2014 02h00";90.15;0;30.9;0;0;0;
"12-02-2014 02h15";96.15;0;30.5;0;0;0;
"12-02-2014 02h30";86.14;0;26.5;0;0;0;
"12-02-2014 02h45";102.16;0;31.1;0;0;0;
"12-02-2014 03h00";85.14;0;27.4;0;0;0;
"12-02-2014 03h15";91.15;0;23;0;0;0;
"12-02-2014 03h30";90.15;0;25.9;0;0;0;
"12-02-2014 03h45";100.16;0;28.9;0;0;0;
"12-02-2014 04h00";93.15;0;28.2;0;0;0;
"12-02-2014 04h15";86.14;0;25.5;0;0;0;
"12-02-2014 04h30";90.15;0;27.9;0;0;0;
"12-02-2014 04h45";101.16;0;31;0;0;0;
"12-02-2014 05h00";94.15;0;28.3;0;0;0;
"12-02-2014 05h15";88.15;0;25.7;0;0;0;
"12-02-2014 05h30";90.15;0;27.9;0;0;0;
"12-02-2014 05h45";101.16;0;29;0;0;0;
"12-02-2014 06h00";89.15;0;23.8;0;0;0;
"12-02-2014 06h15";89.15;0;20.8;0;0;0;
"12-02-2014 06h30";95.15;0;27.4;0;0;0;
"12-02-2014 06h45";112.16;0;30.1;0;0;0;
"12-02-2014 07h00";161.56;0;40;0;0;0;
"12-02-2014 07h15";209.7;0;55.8;0;0;0;
"12-02-2014 07h30";193.65;0;55.2;0;0;0;
"12-02-2014 07h45";203.68;0;55.2;0;0;0;
"12-02-2014 08h00";202.68;0;60.1;0;0;0;
"12-02-2014 08h15";169.58;0;47.8;0;0;0;
"12-02-2014 08h30";164.57;0;46.3;0;0;0;
"12-02-2014 08h45";176.6;0;51.5;0;0;0;
"12-02-2014 09h00";193.65;0;55.2;0;0;0;
"12-02-2014 09h15";181.62;0;52;0;0;0;
"12-02-2014 09h30";189.64;0;50.8;0;0;0;
"12-02-2014 09h45";201.68;0;56;0;0;0;
"12-02-2014 10h00";196.66;0;55.5;0;0;0;
"12-02-2014 10h15";196.66;0;55.5;0;0;0;
"12-02-2014 10h30";189.64;0;53.8;0;0;0;
"12-02-2014 10h45";195.66;0;52.4;0;0;0;
"12-02-2014 11h00";197.67;0;57.6;0;0;0;
"12-02-2014 11h15";202.68;0;57.1;0;0;0;
"12-02-2014 11h30";192.65;0;57.1;0;0;0;
"12-02-2014 11h45";193.65;0;54.2;0;0;0;
"12-02-2014 12h00";186.63;0;52.5;0;0;0;
"12-02-2014 12h15";176.6;0;48.5;0;0;0;
"12-02-2014 12h30";197.67;0;57.6;0;0;0;
"12-02-2014 12h45";190.65;0;54.9;0;0;0;
"12-02-2014 13h00";185.63;0;53.4;0;0;0;
"12-02-2014 13h15";187.64;0;51.6;0;0;0;
"12-02-2014 13h30";187.64;0;54.6;0;0;0;
"12-02-2014 13h45";189.64;0;53.8;0;0;0;
"12-02-2014 14h00";187.64;0;54.6;0;0;0;
"12-02-2014 14h15";191.65;0;54;0;0;0;
"12-02-2014 14h30";181.62;0;53;0;0;0;
"12-02-2014 14h45";195.66;0;53.4;0;0;0;
"12-02-2014 15h00";186.63;0;54.5;0;0;0;
"12-02-2014 15h15";189.64;0;51.8;0;0;0;
"12-02-2014 15h30";191.65;0;52;0;0;0;
"12-02-2014 15h45";202.68;0;52.1;0;0;0;
"12-02-2014 16h00";196.66;0;55.5;0;0;0;
"12-02-2014 16h15";190.65;0;54.9;0;0;0;
"12-02-2014 16h30";182.62;0;53.1;0;0;0;
"12-02-2014 16h45";190.65;0;49.9;0;0;0;
"12-02-2014 17h00";195.66;0;54.4;0;0;0;
"12-02-2014 17h15";206.69;0;58.5;0;0;0;
"12-02-2014 17h30";199.67;0;57.8;0;0;0;
"12-02-2014 17h45";199.67;0;55.8;0;0;0;
"12-02-2014 18h00";205.69;0;55.4;0;0;0;
"12-02-2014 18h15";204.69;0;54.3;0;0;0;
"12-02-2014 18h30";220.74;0;58.9;0;0;0;
"12-02-2014 18h45";198.67;0;55.7;0;0;0;
"12-02-2014 19h00";200.68;0;54.9;0;0;0;
"12-02-2014 19h15";203.68;0;55.2;0;0;0;
"12-02-2014 19h30";202.68;0;55.1;0;0;0;
"12-02-2014 19h45";209.7;0;59.8;0;0;0;
"12-02-2014 20h00";194.66;0;54.3;0;0;0;
"12-02-2014 20h15";189.64;0;50.8;0;0;0;
"12-02-2014 20h30";178.61;0;50.7;0;0;0;
"12-02-2014 20h45";188.64;0;52.7;0;0;0;
"12-02-2014 21h00";185.63;0;51.4;0;0;0;
"12-02-2014 21h15";186.63;0;52.5;0;0;0;
"12-02-2014 21h30";186.63;0;54.5;0;0;0;
"12-02-2014 21h45";183.62;0;51.2;0;0;0;
"12-02-2014 22h00";184.63;0;59.3;0;0;0;
"12-02-2014 22h15";180.62;0;48.9;0;0;0;
"12-02-2014 22h30";149.52;0;42.8;0;0;0;
"12-02-2014 22h45";132.47;0;36.1;0;0;0;
"12-02-2014 23h00";117.17;0;34.6;0;0;0;
"12-02-2014 23h15";106.16;0;31.5;0;0;0;
"12-02-2014 23h30";93.15;0;27.2;0;0;0;
"12-02-2014 23h45";90.15;0;25.9;0;0;0;
"12-02-2014 00h00";95.15;0;29.4;0;0;0;
"13-02-2014 00h15";82.14;0;25.1;0;0;0;
"13-02-2014 00h30";95.15;0;30.4;0;0;0;
"13-02-2014 00h45";93.15;0;25.2;0;0;0;
"13-02-2014 01h00";88.15;0;23.7;0;0;0;
"13-02-2014 01h15";96.15;0;26.5;0;0;0;
"13-02-2014 01h30";105.16;0;30.4;0;0;0;
"13-02-2014 01h45";101.16;0;32;0;0;0;
"13-02-2014 02h00";94.15;0;30.3;0;0;0;
"13-02-2014 02h15";104.16;0;30.3;0;0;0;
"13-02-2014 02h30";94.15;0;31.3;0;0;0;
"13-02-2014 02h45";115.17;0;34.4;0;0;0;
"13-02-2014 03h00";103.16;0;30.2;0;0;0;
"13-02-2014 03h15";98.15;0;25.7;0;0;0;
"13-02-2014 03h30";101.16;0;30;0;0;0;
"13-02-2014 03h45";111.16;0;34;0;0;0;
"13-02-2014 04h00";103.16;0;29.2;0;0;0;
"13-02-2014 04h15";100.16;0;32.9;0;0;0;
"13-02-2014 04h30";97.15;0;28.6;0;0;0;
"13-02-2014 04h45";107.16;0;34.6;0;0;0;
"13-02-2014 05h00";99.15;0;28.8;0;0;0;
"13-02-2014 05h15";93.15;0;25.2;0;0;0;
"13-02-2014 05h30";95.15;0;26.4;0;0;0;
"13-02-2014 05h45";103.16;0;29.2;0;0;0;
"13-02-2014 06h00";102.16;0;33.1;0;0;0;
"13-02-2014 06h15";94.15;0;27.3;0;0;0;
"13-02-2014 06h30";102.16;0;31.1;0;0;0;
"13-02-2014 06h45";117.17;0;31.6;0;0;0;
"13-02-2014 07h00";174.6;0;42.3;0;0;0;
"13-02-2014 07h15";196.66;0;55.5;0;0;0;
"13-02-2014 07h30";197.67;0;53.6;0;0;0;
"13-02-2014 07h45";199.67;0;55.8;0;0;0;
"13-02-2014 08h00";201.68;0;61;0;0;0;
"13-02-2014 08h15";162.56;0;48.1;0;0;0;
"13-02-2014 08h30";165.57;0;46.4;0;0;0;
"13-02-2014 08h45";182.62;0;52.1;0;0;0;
"13-02-2014 09h00";190.65;0;56.9;0;0;0;
"13-02-2014 09h15";184.63;0;55.3;0;0;0;
"13-02-2014 09h30";195.66;0;57.4;0;0;0;
"13-02-2014 09h45";198.67;0;54.7;0;0;0;
"13-02-2014 10h00";201.68;0;52;0;0;0;
"13-02-2014 10h15";194.66;0;55.3;0;0;0;
"13-02-2014 10h30";187.64;0;51.6;0;0;0;
"13-02-2014 10h45";181.62;0;53;0;0;0;
"13-02-2014 11h00";177.61;0;52.6;0;0;0;
"13-02-2014 11h15";190.65;0;48.9;0;0;0;
"13-02-2014 11h30";186.63;0;53.5;0;0;0;
"13-02-2014 11h45";183.62;0;50.2;0;0;0;
"13-02-2014 12h00";186.63;0;57.5;0;0;0;
"13-02-2014 12h15";188.64;0;51.7;0;0;0;
"13-02-2014 12h30";201.68;0;59;0;0;0;
"13-02-2014 12h45";192.65;0;52.1;0;0;0;
"13-02-2014 13h00";180.62;0;50.9;0;0;0;
"13-02-2014 13h15";175.6;0;48.4;0;0;0;
"13-02-2014 13h30";188.64;0;49.7;0;0;0;
"13-02-2014 13h45";183.62;0;52.2;0;0;0;
"13-02-2014 14h00";180.62;0;48.9;0;0;0;
"13-02-2014 14h15";180.62;0;52.9;0;0;0;
"13-02-2014 14h30";185.63;0;50.4;0;0;0;
"13-02-2014 14h45";208.7;0;50.7;0;0;0;
"13-02-2014 15h00";200.68;0;56.9;0;0;0;
"13-02-2014 15h15";204.69;0;57.3;0;0;0;
"13-02-2014 15h30";193.65;0;52.2;0;0;0;
"13-02-2014 15h45";194.66;0;54.3;0;0;0;
"13-02-2014 16h00";189.64;0;56.8;0;0;0;
"13-02-2014 16h15";185.63;0;52.4;0;0;0;
"13-02-2014 16h30";185.63;0;52.4;0;0;0;
"13-02-2014 16h45";195.66;0;53.4;0;0;0;
"13-02-2014 17h00";193.65;0;53.2;0;0;0;
"13-02-2014 17h15";194.66;0;55.3;0;0;0;
"13-02-2014 17h30";183.62;0;51.2;0;0;0;
"13-02-2014 17h45";207.7;0;52.6;0;0;0;
"13-02-2014 18h00";203.68;0;56.2;0;0;0;
"13-02-2014 18h15";190.65;0;49.9;0;0;0;
"13-02-2014 18h30";215.72;0;59.4;0;0;0;
"13-02-2014 18h45";207.7;0;60.6;0;0;0;
"13-02-2014 19h00";208.7;0;53.7;0;0;0;
"13-02-2014 19h15";191.65;0;51;0;0;0;
"13-02-2014 19h30";200.68;0;51.9;0;0;0;
"13-02-2014 19h45";211.71;0;57;0;0;0;
"13-02-2014 20h00";202.68;0;52.1;0;0;0;
"13-02-2014 20h15";194.66;0;56.3;0;0;0;
"13-02-2014 20h30";189.64;0;51.8;0;0;0;
"13-02-2014 20h45";193.65;0;56.2;0;0;0;
"13-02-2014 21h00";188.64;0;46.7;0;0;0;
"13-02-2014 21h15";186.63;0;50.5;0;0;0;
"13-02-2014 21h30";183.62;0;53.2;0;0;0;
"13-02-2014 21h45";184.63;0;52.3;0;0;0;
"13-02-2014 22h00";185.63;0;53.4;0;0;0;
"13-02-2014 22h15";175.6;0;48.4;0;0;0;
"13-02-2014 22h30";153.53;0;39.2;0;0;0;
"13-02-2014 22h45";144.51;0;40.3;0;0;0;
"13-02-2014 23h00";121.17;0;33;0;0;0;
"13-02-2014 23h15";105.16;0;29.4;0;0;0;
"13-02-2014 23h30";94.15;0;29.3;0;0;0;
"13-02-2014 23h45";90.15;0;26.9;0;0;0;
"13-02-2014 00h00";89.15;0;25.8;0;0;0;
"14-02-2014 00h15";82.14;0;24.1;0;0;0;
"14-02-2014 00h30";93.15;0;26.2;0;0;0;
"14-02-2014 00h45";89.15;0;23.8;0;0;0;
"14-02-2014 01h00";86.14;0;26.5;0;0;0;
"14-02-2014 01h15";102.16;0;32.1;0;0;0;
"14-02-2014 01h30";97.15;0;27.6;0;0;0;
"14-02-2014 01h45";99.15;0;28.8;0;0;0;
"14-02-2014 02h00";90.15;0;25.9;0;0;0;
"14-02-2014 02h15";88.15;0;27.7;0;0;0;
"14-02-2014 02h30";94.15;0;30.3;0;0;0;
"14-02-2014 02h45";112.16;0;36.1;0;0;0;
"14-02-2014 03h00";105.16;0;32.4;0;0;0;
"14-02-2014 03h15";98.15;0;28.7;0;0;0;
"14-02-2014 03h30";100.16;0;33.9;0;0;0;
"14-02-2014 03h45";106.16;0;33.5;0;0;0;
"14-02-2014 04h00";104.16;0;32.3;0;0;0;
"14-02-2014 04h15";98.15;0;29.7;0;0;0;
"14-02-2014 04h30";98.15;0;30.7;0;0;0;
"14-02-2014 04h45";101.16;0;29;0;0;0;
"14-02-2014 05h00";101.16;0;35;0;0;0;
"14-02-2014 05h15";99.15;0;29.8;0;0;0;
"14-02-2014 05h30";94.15;0;27.3;0;0;0;
"14-02-2014 05h45";104.16;0;32.3;0;0;0;
"14-02-2014 06h00";101.16;0;31;0;0;0;
"14-02-2014 06h15";91.15;0;27;0;0;0;
"14-02-2014 06h30";104.16;0;29.3;0;0;0;
"14-02-2014 06h45";116.17;0;32.5;0;0;0;
"14-02-2014 07h00";165.57;0;45.4;0;0;0;
"14-02-2014 07h15";196.66;0;53.5;0;0;0;
"14-02-2014 07h30";182.62;0;51.1;0;0;0;
"14-02-2014 07h45";205.69;0;58.4;0;0;0;
"14-02-2014 08h00";196.66;0;57.5;0;0;0;
"14-02-2014 08h15";172.59;0;48.1;0;0;0;
"14-02-2014 08h30";168.58;0;47.7;0;0;0;
"14-02-2014 08h45";189.64;0;50.8;0;0;0;
"14-02-2014 09h00";179.61;0;50.8;0;0;0;
"14-02-2014 09h15";175.6;0;44.4;0;0;0;
"14-02-2014 09h30";180.62;0;50.9;0;0;0;
"14-02-2014 09h45";185.63;0;51.4;0;0;0;
"14-02-2014 10h00";188.64;0;52.7;0;0;0;
"14-02-2014 10h15";196.66;0;55.5;0;0;0;
"14-02-2014 10h30";192.65;0;50.1;0;0;0;
"14-02-2014 10h45";187.64;0;51.6;0;0;0;
"14-02-2014 11h00";178.61;0;52.7;0;0;0;
"14-02-2014 11h15";180.62;0;49.9;0;0;0;
"14-02-2014 11h30";178.61;0;51.7;0;0;0;
"14-02-2014 11h45";189.64;0;49.8;0;0;0;
"14-02-2014 12h00";177.61;0;48.6;0;0;0;
"14-02-2014 12h15";190.65;0;51.9;0;0;0;
"14-02-2014 12h30";200.68;0;56.9;0;0;0;
"14-02-2014 12h45";193.65;0;54.2;0;0;0;
"14-02-2014 13h00";184.63;0;50.3;0;0;0;
"14-02-2014 13h15";168.58;0;43.7;0;0;0;
"14-02-2014 13h30";170.59;0;46.9;0;0;0;
"14-02-2014 13h45";175.6;0;52.4;0;0;0;
"14-02-2014 14h00";175.6;0;52.4;0;0;0;
"14-02-2014 14h15";171.59;0;49;0;0;0;
"14-02-2014 14h30";168.58;0;47.7;0;0;0;
"14-02-2014 14h45";209.7;0;59.8;0;0;0;
"14-02-2014 15h00";181.62;0;53;0;0;0;
"14-02-2014 15h15";177.61;0;51.6;0;0;0;
"14-02-2014 15h30";177.61;0;50.6;0;0;0;
"14-02-2014 15h45";192.65;0;58.1;0;0;0;
"14-02-2014 16h00";189.64;0;55.8;0;0;0;
"14-02-2014 16h15";174.6;0;54.3;0;0;0;
"14-02-2014 16h30";175.6;0;50.4;0;0;0;
"14-02-2014 16h45";179.61;0;48.8;0;0;0;
"14-02-2014 17h00";177.61;0;49.6;0;0;0;
"14-02-2014 17h15";179.61;0;49.8;0;0;0;
"14-02-2014 17h30";183.62;0;50.2;0;0;0;
"14-02-2014 17h45";189.64;0;51.8;0;0;0;
"14-02-2014 18h00";204.69;0;55.3;0;0;0;
"14-02-2014 18h15";192.65;0;49.1;0;0;0;
"14-02-2014 18h30";196.66;0;52.5;0;0;0;
"14-02-2014 18h45";189.64;0;51.8;0;0;0;
"14-02-2014 19h00";187.64;0;50.6;0;0;0;
"14-02-2014 19h15";189.64;0;49.8;0;0;0;
"14-02-2014 19h30";193.65;0;51.2;0;0;0;
"14-02-2014 19h45";195.66;0;57.4;0;0;0;
"14-02-2014 20h00";203.68;0;57.2;0;0;0;
"14-02-2014 20h15";200.68;0;53.9;0;0;0;
"14-02-2014 20h30";188.64;0;51.7;0;0;0;
"14-02-2014 20h45";183.62;0;46.2;0;0;0;
"14-02-2014 21h00";181.62;0;49;0;0;0;
"14-02-2014 21h15";178.61;0;48.7;0;0;0;
"14-02-2014 21h30";186.63;0;51.5;0;0;0;
"14-02-2014 21h45";179.61;0;48.8;0;0;0;
"14-02-2014 22h00";176.6;0;54.5;0;0;0;
"14-02-2014 22h15";172.59;0;49.1;0;0;0;
"14-02-2014 22h30";154.54;0;44.3;0;0;0;
"14-02-2014 22h45";128.46;0;36.7;0;0;0;
"14-02-2014 23h00";121.17;0;35;0;0;0;
"14-02-2014 23h15";92.15;0;29.1;0;0;0;
"14-02-2014 23h30";82.14;0;26.1;0;0;0;
"14-02-2014 23h45";77.14;0;23.6;0;0;0;
"14-02-2014 00h00";80.14;0;26.9;0;0;0;
"15-02-2014 00h15";65.13;0;23.4;0;0;0;
"15-02-2014 00h30";90.15;0;27.9;0;0;0;
"15-02-2014 00h45";79.14;0;25.8;0;0;0;
"15-02-2014 01h00";81.14;0;26;0;0;0;
"15-02-2014 01h15";92.15;0;30.1;0;0;0;
"15-02-2014 01h30";89.15;0;25.8;0;0;0;
"15-02-2014 01h45";93.15;0;28.2;0;0;0;
"15-02-2014 02h00";90.15;0;23.9;0;0;0;
"15-02-2014 02h15";94.15;0;30.3;0;0;0;
"15-02-2014 02h30";86.14;0;28.5;0;0;0;
"15-02-2014 02h45";99.15;0;29.8;0;0;0;
"15-02-2014 03h00";89.15;0;26.8;0;0;0;
"15-02-2014 03h15";92.15;0;26.1;0;0;0;
"15-02-2014 03h30";86.14;0;24.5;0;0;0;
"15-02-2014 03h45";106.16;0;35.5;0;0;0;
"15-02-2014 04h00";99.15;0;34.8;0;0;0;
"15-02-2014 04h15";92.15;0;26.1;0;0;0;
"15-02-2014 04h30";89.15;0;27.8;0;0;0;
"15-02-2014 04h45";92.15;0;27.1;0;0;0;
"15-02-2014 05h00";88.15;0;24.7;0;0;0;
"15-02-2014 05h15";89.15;0;25.8;0;0;0;
"15-02-2014 05h30";85.14;0;24.4;0;0;0;
"15-02-2014 05h45";97.15;0;31.6;0;0;0;
"15-02-2014 06h00";90.15;0;25.9;0;0;0;
"15-02-2014 06h15";87.14;0;18.6;0;0;0;
"15-02-2014 06h30";96.15;0;27.5;0;0;0;
"15-02-2014 06h45";108.16;0;26.7;0;0;0;
"15-02-2014 07h00";132.47;0;33.1;0;0;0;
"15-02-2014 07h15";161.56;0;44;0;0;0;
"15-02-2014 07h30";197.67;0;53.6;0;0;0;
"15-02-2014 07h45";199.67;0;55.8;0;0;0;
"15-02-2014 08h00";152.53;0;41.1;0;0;0;
"15-02-2014 08h15";166.57;0;44.5;0;0;0;
"15-02-2014 08h30";145.51;0;42.4;0;0;0;
"15-02-2014 08h45";163.56;0;45.2;0;0;0;
"15-02-2014 09h00";176.6;0;48.5;0;0;0;
"15-02-2014 09h15";178.61;0;45.7;0;0;0;
"15-02-2014 09h30";174.6;0;48.3;0;0;0;
"15-02-2014 09h45";196.66;0;55.5;0;0;0;
"15-02-2014 10h00";190.65;0;53.9;0;0;0;
"15-02-2014 10h15";180.62;0;51.9;0;0;0;
"15-02-2014 10h30";184.63;0;53.3;0;0;0;
"15-02-2014 10h45";184.63;0;50.3;0;0;0;
"15-02-2014 11h00";183.62;0;50.2;0;0;0;
"15-02-2014 11h15";184.63;0;50.3;0;0;0;
"15-02-2014 11h30";193.65;0;53.2;0;0;0;
"15-02-2014 11h45";181.62;0;53;0;0;0;
"15-02-2014 12h00";179.61;0;53.8;0;0;0;
"15-02-2014 12h15";161.56;0;45;0;0;0;
"15-02-2014 12h30";183.62;0;52.2;0;0;0;
"15-02-2014 12h45";185.63;0;49.4;0;0;0;
"15-02-2014 13h00";179.61;0;48.8;0;0;0;
"15-02-2014 13h15";171.59;0;46;0;0;0;
"15-02-2014 13h30";176.6;0;46.5;0;0;0;
"15-02-2014 13h45";178.61;0;46.7;0;0;0;
"15-02-2014 14h00";183.62;0;56.2;0;0;0;
"15-02-2014 14h15";176.6;0;47.5;0;0;0;
"15-02-2014 14h30";164.57;0;46.3;0;0;0;
"15-02-2014 14h45";176.6;0;50.5;0;0;0;
"15-02-2014 15h00";175.6;0;53.4;0;0;0;
"15-02-2014 15h15";167.58;0;41.6;0;0;0;
"15-02-2014 15h30";170.59;0;45.9;0;0;0;
"15-02-2014 15h45";175.6;0;49.4;0;0;0;
"15-02-2014 16h00";174.6;0;46.3;0;0;0;
"15-02-2014 16h15";164.57;0;47.3;0;0;0;
"15-02-2014 16h30";173.59;0;44.2;0;0;0;
"15-02-2014 16h45";187.64;0;51.6;0;0;0;
"15-02-2014 17h00";191.65;0;53;0;0;0;
"15-02-2014 17h15";184.63;0;50.3;0;0;0;
"15-02-2014 17h30";183.62;0;51.2;0;0;0;
"15-02-2014 17h45";180.62;0;49.9;0;0;0;
"15-02-2014 18h00";181.62;0;52;0;0;0;
"15-02-2014 18h15";170.59;0;43.9;0;0;0;
"15-02-2014 18h30";198.67;0;54.7;0;0;0;
"15-02-2014 18h45";185.63;0;55.4;0;0;0;
"15-02-2014 19h00";192.65;0;53.1;0;0;0;
"15-02-2014 19h15";190.65;0;57.9;0;0;0;
"15-02-2014 19h30";194.66;0;58.3;0;0;0;
"15-02-2014 19h45";199.67;0;56.8;0;0;0;
"15-02-2014 20h00";199.67;0;57.8;0;0;0;
"15-02-2014 20h15";199.67;0;59.8;0;0;0;
"15-02-2014 20h30";196.66;0;54.5;0;0;0;
"15-02-2014 20h45";198.67;0;53.7;0;0;0;
"15-02-2014 21h00";191.65;0;50;0;0;0;
"15-02-2014 21h15";187.64;0;54.6;0;0;0;
"15-02-2014 21h30";183.62;0;50.2;0;0;0;
"15-02-2014 21h45";182.62;0;52.1;0;0;0;
"15-02-2014 22h00";183.62;0;53.2;0;0;0;
"15-02-2014 22h15";169.58;0;46.8;0;0;0;
"15-02-2014 22h30";151.53;0;41;0;0;0;
"15-02-2014 22h45";141.5;0;43;0;0;0;
"15-02-2014 23h00";126.45;0;34.5;0;0;0;
"15-02-2014 23h15";93.15;0;26.2;0;0;0;
"15-02-2014 23h30";78.14;0;23.7;0;0;0;
"15-02-2014 23h45";77.14;0;22.6;0;0;0;
"15-02-2014 00h00";76.14;0;25.5;0;0;0;
"16-02-2014 00h15";77.14;0;20.6;0;0;0;
"16-02-2014 00h30";79.14;0;21.8;0;0;0;
"16-02-2014 00h45";76.14;0;20.5;0;0;0;
"16-02-2014 01h00";76.14;0;25.5;0;0;0;
"16-02-2014 01h15";93.15;0;31.2;0;0;0;
"16-02-2014 01h30";90.15;0;24.9;0;0;0;
"16-02-2014 01h45";86.14;0;27.5;0;0;0;
"16-02-2014 02h00";87.14;0;25.6;0;0;0;
"16-02-2014 02h15";89.15;0;24.8;0;0;0;
"16-02-2014 02h30";89.15;0;24.8;0;0;0;
"16-02-2014 02h45";99.15;0;30.8;0;0;0;
"16-02-2014 03h00";95.15;0;26.4;0;0;0;
"16-02-2014 03h15";89.15;0;26.8;0;0;0;
"16-02-2014 03h30";93.15;0;27.2;0;0;0;
"16-02-2014 03h45";104.16;0;31.3;0;0;0;
"16-02-2014 04h00";94.15;0;30.3;0;0;0;
"16-02-2014 04h15";94.15;0;28.3;0;0;0;
"16-02-2014 04h30";88.15;0;28.7;0;0;0;
"16-02-2014 04h45";95.15;0;28.4;0;0;0;
"16-02-2014 05h00";91.15;0;29;0;0;0;
"16-02-2014 05h15";88.15;0;24.7;0;0;0;
"16-02-2014 05h30";88.15;0;23.7;0;0;0;
"16-02-2014 05h45";96.15;0;29.5;0;0;0;
"16-02-2014 06h00";93.15;0;29.2;0;0;0;
"16-02-2014 06h15";87.14;0;22.6;0;0;0;
"16-02-2014 06h30";95.15;0;23.4;0;0;0;
"16-02-2014 06h45";108.16;0;28.7;0;0;0;
"16-02-2014 07h00";136.48;0;35.5;0;0;0;
"16-02-2014 07h15";205.69;0;54.4;0;0;0;
"16-02-2014 07h30";181.62;0;50;0;0;0;
"16-02-2014 07h45";178.61;0;52.7;0;0;0;
"16-02-2014 08h00";172.59;0;47.1;0;0;0;
"16-02-2014 08h15";147.52;0;44.6;0;0;0;
"16-02-2014 08h30";149.52;0;43.8;0;0;0;
"16-02-2014 08h45";161.56;0;43;0;0;0;
"16-02-2014 09h00";174.6;0;50.3;0;0;0;
"16-02-2014 09h15";175.6;0;51.4;0;0;0;
"16-02-2014 09h30";171.59;0;46;0;0;0;
"16-02-2014 09h45";185.63;0;55.4;0;0;0;
"16-02-2014 10h00";189.64;0;54.8;0;0;0;
"16-02-2014 10h15";193.65;0;55.2;0;0;0;
"16-02-2014 10h30";189.64;0;55.8;0;0;0;
"16-02-2014 10h45";185.63;0;54.4;0;0;0;
"16-02-2014 11h00";181.62;0;50;0;0;0;
"16-02-2014 11h15";194.66;0;54.3;0;0;0;
"16-02-2014 11h30";173.59;0;51.2;0;0;0;
"16-02-2014 11h45";167.58;0;46.6;0;0;0;
"16-02-2014 12h00";164.57;0;51.3;0;0;0;
"16-02-2014 12h15";176.6;0;46.5;0;0;0;
"16-02-2014 12h30";182.62;0;50.1;0;0;0;
"16-02-2014 12h45";172.59;0;47.1;0;0;0;
"16-02-2014 13h00";173.59;0;53.2;0;0;0;
"16-02-2014 13h15";180.62;0;48.9;0;0;0;
"16-02-2014 13h30";173.59;0;52.2;0;0;0;
"16-02-2014 13h45";177.61;0;50.6;0;0;0;
"16-02-2014 14h00";163.56;0;49.2;0;0;0;
"16-02-2014 14h15";162.56;0;49.1;0;0;0;
"16-02-2014 14h30";155.54;0;43.4;0;0;0;
"16-02-2014 14h45";176.6;0;51.5;0;0;0;
"16-02-2014 15h00";163.56;0;45.2;0;0;0;
"16-02-2014 15h15";166.57;0;47.5;0;0;0;
"16-02-2014 15h30";163.56;0;44.2;0;0;0;
"16-02-2014 15h45";199.67;0;59.8;0;0;0;
"16-02-2014 16h00";198.67;0;54.7;0;0;0;
"16-02-2014 16h15";184.63;0;51.3;0;0;0;
"16-02-2014 16h30";192.65;0;56.1;0;0;0;
"16-02-2014 16h45";204.69;0;57.3;0;0;0;
"16-02-2014 17h00";175.6;0;49.4;0;0;0;
"16-02-2014 17h15";181.62;0;50;0;0;0;
"16-02-2014 17h30";168.58;0;45.7;0;0;0;
"16-02-2014 17h45";179.61;0;52.8;0;0;0;
"16-02-2014 18h00";182.62;0;53.1;0;0;0;
"16-02-2014 18h15";172.59;0;48.1;0;0;0;
"16-02-2014 18h30";197.67;0;53.6;0;0;0;
"16-02-2014 18h45";191.65;0;56;0;0;0;
"16-02-2014 19h00";199.67;0;56.8;0;0;0;
"16-02-2014 19h15";193.65;0;54.2;0;0;0;
"16-02-2014 19h30";184.63;0;54.3;0;0;0;
"16-02-2014 19h45";197.67;0;55.6;0;0;0;
"16-02-2014 20h00";181.62;0;50;0;0;0;
"16-02-2014 20h15";179.61;0;47.8;0;0;0;
"16-02-2014 20h30";172.59;0;46.1;0;0;0;
"16-02-2014 20h45";166.57;0;43.5;0;0;0;
"16-02-2014 21h00";176.6;0;50.5;0;0;0;
"16-02-2014 21h15";167.58;0;48.6;0;0;0;
"16-02-2014 21h30";169.58;0;47.8;0;0;0;
"16-02-2014 21h45";161.56;0;49;0;0;0;
"16-02-2014 22h00";164.57;0;47.3;0;0;0;
"16-02-2014 22h15";166.57;0;47.5;0;0;0;
"16-02-2014 22h30";143.5;0;36.2;0;0;0;
"16-02-2014 22h45";140.5;0;35.9;0;0;0;
"16-02-2014 23h00";125.18;0;33.4;0;0;0;
"16-02-2014 23h15";99.15;0;29.8;0;0;0;
"16-02-2014 23h30";81.14;0;24;0;0;0;
"16-02-2014 23h45";79.14;0;22.8;0;0;0;
"16-02-2014 00h00";83.14;0;24.2;0;0;0;
"17-02-2014 00h15";75.14;0;20.4;0;0;0;
"17-02-2014 00h30";85.14;0;21.4;0;0;0;
"17-02-2014 00h45";79.14;0;22.8;0;0;0;
"17-02-2014 01h00";74.13;0;20.3;0;0;0;
"17-02-2014 01h15";86.14;0;27.5;0;0;0;
"17-02-2014 01h30";77.14;0;23.6;0;0;0;
"17-02-2014 01h45";79.14;0;24.8;0;0;0;
"17-02-2014 02h00";80.14;0;24.9;0;0;0;
"17-02-2014 02h15";76.14;0;19.5;0;0;0;
"17-02-2014 02h30";75.14;0;21.4;0;0;0;
"17-02-2014 02h45";90.15;0;23.9;0;0;0;
"17-02-2014 03h00";82.14;0;22.1;0;0;0;
"17-02-2014 03h15";82.14;0;20.1;0;0;0;
"17-02-2014 03h30";78.14;0;21.7;0;0;0;
"17-02-2014 03h45";87.14;0;28.6;0;0;0;
"17-02-2014 04h00";76.14;0;24.5;0;0;0;
"17-02-2014 04h15";80.14;0;25.9;0;0;0;
"17-02-2014 04h30";73.13;0;22.2;0;0;0;
"17-02-2014 04h45";85.14;0;27.4;0;0;0;
"17-02-2014 05h00";77.14;0;19.6;0;0;0;
"17-02-2014 05h15";77.14;0;21.6;0;0;0;
"17-02-2014 05h30";74.13;0;19.3;0;0;0;
"17-02-2014 05h45";81.14;0;26;0;0;0;
"17-02-2014 06h00";73.13;0;22.2;0;0;0;
"17-02-2014 06h15";89.15;0;24.8;0;0;0;
"17-02-2014 06h30";110.16;0;28.9;0;0;0;
"17-02-2014 06h45";122.17;0;32.1;0;0;0;
"17-02-2014 07h00";140.5;0;38.9;0;0;0;
"17-02-2014 07h15";174.6;0;47.3;0;0;0;
"17-02-2014 07h30";206.69;0;56.5;0;0;0;
"17-02-2014 07h45";199.67;0;57.8;0;0;0;
"17-02-2014 08h00";185.63;0;53.4;0;0;0;
"17-02-2014 08h15";181.62;0;54;0;0;0;
"17-02-2014 08h30";164.57;0;43.3;0;0;0;
"17-02-2014 08h45";178.61;0;47.7;0;0;0;
"17-02-2014 09h00";176.6;0;56.5;0;0;0;
"17-02-2014 09h15";182.62;0;51.1;0;0;0;
"17-02-2014 09h30";191.65;0;51;0;0;0;
"17-02-2014 09h45";210.71;0;54.9;0;0;0;
"17-02-2014 10h00";209.7;0;59.8;0;0;0;
"17-02-2014 10h15";207.7;0;57.6;0;0;0;
"17-02-2014 10h30";177.61;0;52.6;0;0;0;
"17-02-2014 10h45";171.59;0;47;0;0;0;
"17-02-2014 11h00";174.6;0;49.3;0;0;0;
"17-02-2014 11h15";184.63;0;53.3;0;0;0;
"17-02-2014 11h30";176.6;0;49.5;0;0;0;
"17-02-2014 11h45";175.6;0;51.4;0;0;0;
"17-02-2014 12h00";172.59;0;48.1;0;0;0;
"17-02-2014 12h15";187.64;0;49.6;0;0;0;
"17-02-2014 12h30";202.68;0;58.1;0;0;0;
"17-02-2014 12h45";181.62;0;50;0;0;0;
"17-02-2014 13h00";172.59;0;45.1;0;0;0;
"17-02-2014 13h15";184.63;0;51.3;0;0;0;
"17-02-2014 13h30";181.62;0;48;0;0;0;
"17-02-2014 13h45";178.61;0;48.7;0;0;0;
"17-02-2014 14h00";169.58;0;44.8;0;0;0;
"17-02-2014 14h15";165.57;0;43.4;0;0;0;
"17-02-2014 14h30";170.59;0;46.9;0;0;0;
"17-02-2014 14h45";168.58;0;46.7;0;0;0;
"17-02-2014 15h00";179.61;0;50.8;0;0;0;
"17-02-2014 15h15";167.58;0;45.6;0;0;0;
"17-02-2014 15h30";172.59;0;48.1;0;0;0;
"17-02-2014 15h45";179.61;0;51.8;0;0;0;
"17-02-2014 16h00";171.59;0;53;0;0;0;
"17-02-2014 16h15";170.59;0;52.9;0;0;0;
"17-02-2014 16h30";167.58;0;50.6;0;0;0;
"17-02-2014 16h45";179.61;0;49.8;0;0;0;
"17-02-2014 17h00";198.67;0;58.7;0;0;0;
"17-02-2014 17h15";183.62;0;49.2;0;0;0;
"17-02-2014 17h30";187.64;0;52.6;0;0;0;
"17-02-2014 17h45";187.64;0;56.6;0;0;0;
"17-02-2014 18h00";179.61;0;50.8;0;0;0;
"17-02-2014 18h15";183.62;0;50.2;0;0;0;
"17-02-2014 18h30";201.68;0;54;0;0;0;
"17-02-2014 18h45";204.69;0;59.3;0;0;0;
"17-02-2014 19h00";203.68;0;55.2;0;0;0;
"17-02-2014 19h15";201.68;0;57;0;0;0;
"17-02-2014 19h30";186.63;0;56.5;0;0;0;
"17-02-2014 19h45";198.67;0;57.7;0;0;0;
"17-02-2014 20h00";189.64;0;56.8;0;0;0;
"17-02-2014 20h15";196.66;0;58.5;0;0;0;
"17-02-2014 20h30";195.66;0;55.4;0;0;0;
"17-02-2014 20h45";193.65;0;54.2;0;0;0;
"17-02-2014 21h00";186.63;0;50.5;0;0;0;
"17-02-2014 21h15";192.65;0;53.1;0;0;0;
"17-02-2014 21h30";190.65;0;55.9;0;0;0;
"17-02-2014 21h45";193.65;0;54.2;0;0;0;
"17-02-2014 22h00";194.66;0;53.3;0;0;0;
"17-02-2014 22h15";184.63;0;51.3;0;0;0;
"17-02-2014 22h30";172.59;0;50.1;0;0;0;
"17-02-2014 22h45";154.54;0;39.3;0;0;0;
"17-02-2014 23h00";127.46;0;32.6;0;0;0;
"17-02-2014 23h15";96.15;0;29.5;0;0;0;
"17-02-2014 23h30";105.16;0;32.4;0;0;0;
"17-02-2014 23h45";104.16;0;35.3;0;0;0;
"17-02-2014 00h00";106.16;0;34.5;0;0;0;
"18-02-2014 00h15";98.15;0;25.7;0;0;0;
"18-02-2014 00h30";110.16;0;32.9;0;0;0;
"18-02-2014 00h45";102.16;0;26.1;0;0;0;
"18-02-2014 01h00";101.16;0;31;0;0;0;
"18-02-2014 01h15";100.16;0;28.9;0;0;0;
"18-02-2014 01h30";98.15;0;28.7;0;0;0;
"18-02-2014 01h45";100.16;0;31.9;0;0;0;
"18-02-2014 02h00";94.15;0;25.3;0;0;0;
"18-02-2014 02h15";96.15;0;29.5;0;0;0;
"18-02-2014 02h30";92.15;0;28.1;0;0;0;
"18-02-2014 02h45";109.16;0;34.8;0;0;0;
"18-02-2014 03h00";102.16;0;30.1;0;0;0;
"18-02-2014 03h15";97.15;0;28.6;0;0;0;
"18-02-2014 03h30";98.15;0;29.7;0;0;0;
"18-02-2014 03h45";105.16;0;34.4;0;0;0;
"18-02-2014 04h00";102.16;0;33.1;0;0;0;
"18-02-2014 04h15";97.15;0;29.6;0;0;0;
"18-02-2014 04h30";97.15;0;31.6;0;0;0;
"18-02-2014 04h45";104.16;0;32.3;0;0;0;
"18-02-2014 05h00";96.15;0;29.5;0;0;0;
"18-02-2014 05h15";98.15;0;30.7;0;0;0;
"18-02-2014 05h30";99.15;0;28.8;0;0;0;
"18-02-2014 05h45";105.16;0;35.4;0;0;0;
"18-02-2014 06h00";100.16;0;30.9;0;0;0;
"18-02-2014 06h15";98.15;0;28.7;0;0;0;
"18-02-2014 06h30";102.16;0;29.1;0;0;0;
"18-02-2014 06h45";117.17;0;34.6;0;0;0;
"18-02-2014 07h00";128.46;0;37.7;0;0;0;
"18-02-2014 07h15";207.7;0;56.6;0;0;0;
"18-02-2014 07h30";202.68;0;57.1;0;0;0;
"18-02-2014 07h45";186.63;0;55.5;0;0;0;
"18-02-2014 08h00";187.64;0;53.6;0;0;0;
"18-02-2014 08h15";185.63;0;52.4;0;0;0;
"18-02-2014 08h30";169.58;0;47.8;0;0;0;
"18-02-2014 08h45";170.59;0;50.9;0;0;0;
"18-02-2014 09h00";169.58;0;49.8;0;0;0;
"18-02-2014 09h15";162.56;0;46.1;0;0;0;
"18-02-2014 09h30";182.62;0;55.1;0;0;0;
"18-02-2014 09h45";182.62;0;55.1;0;0;0;
"18-02-2014 10h00";195.66;0;57.4;0;0;0;
"18-02-2014 10h15";188.64;0;53.7;0;0;0;
"18-02-2014 10h30";188.64;0;54.7;0;0;0;
"18-02-2014 10h45";175.6;0;49.4;0;0;0;
"18-02-2014 11h00";173.59;0;48.2;0;0;0;
"18-02-2014 11h15";165.57;0;48.4;0;0;0;
"18-02-2014 11h30";177.61;0;49.6;0;0;0;
"18-02-2014 11h45";169.58;0;50.8;0;0;0;
"18-02-2014 12h00";179.61;0;52.8;0;0;0;
"18-02-2014 12h15";178.61;0;47.7;0;0;0;
"18-02-2014 12h30";191.65;0;52;0;0;0;
"18-02-2014 12h45";186.63;0;55.5;0;0;0;
"18-02-2014 13h00";177.61;0;47.6;0;0;0;
"18-02-2014 13h15";182.62;0;48.1;0;0;0;
"18-02-2014 13h30";185.63;0;49.4;0;0;0;
"18-02-2014 13h45";183.62;0;52.2;0;0;0;
"18-02-2014 14h00";181.62;0;48;0;0;0;
"18-02-2014 14h15";182.62;0;48.1;0;0;0;
"18-02-2014 14h30";175.6;0;47.4;0;0;0;
"18-02-2014 14h45";177.61;0;52.6;0;0;0;
"18-02-2014 15h00";189.64;0;53.8;0;0;0;
"18-02-2014 15h15";162.56;0;45.1;0;0;0;
"18-02-2014 15h30";170.59;0;51.9;0;0;0;
"18-02-2014 15h45";182.62;0;52.1;0;0;0;
"18-02-2014 16h00";172.59;0;53.1;0;0;0;
"18-02-2014 16h15";166.57;0;46.5;0;0;0;
"18-02-2014 16h30";165.57;0;48.4;0;0;0;
"18-02-2014 16h45";171.59;0;50;0;0;0;
"18-02-2014 17h00";167.58;0;50.6;0;0;0;
"18-02-2014 17h15";164.57;0;47.3;0;0;0;
"18-02-2014 17h30";171.59;0;51;0;0;0;
"18-02-2014 17h45";194.66;0;56.3;0;0;0;
"18-02-2014 18h00";192.65;0;53.1;0;0;0;
"18-02-2014 18h15";184.63;0;44.3;0;0;0;
"18-02-2014 18h30";198.67;0;56.7;0;0;0;
"18-02-2014 18h45";204.69;0;59.3;0;0;0;
"18-02-2014 19h00";195.66;0;51.4;0;0;0;
"18-02-2014 19h15";214.72;0;56.3;0;0;0;
"18-02-2014 19h30";192.65;0;52.1;0;0;0;
"18-02-2014 19h45";195.66;0;58.4;0;0;0;
"18-02-2014 20h00";194.66;0;55.3;0;0;0;
"18-02-2014 20h15";196.66;0;53.5;0;0;0;
"18-02-2014 20h30";192.65;0;52.1;0;0;0;
"18-02-2014 20h45";192.65;0;54.1;0;0;0;
"18-02-2014 21h00";181.62;0;52;0;0;0;
"18-02-2014 21h15";191.65;0;51;0;0;0;
"18-02-2014 21h30";179.61;0;49.8;0;0;0;
"18-02-2014 21h45";181.62;0;54;0;0;0;
"18-02-2014 22h00";182.62;0;50.1;0;0;0;
"18-02-2014 22h15";178.61;0;49.7;0;0;0;
"18-02-2014 22h30";150.53;0;46.9;0;0;0;
"18-02-2014 22h45";149.52;0;45.8;0;0;0;
"18-02-2014 23h00";124.17;0;38.3;0;0;0;
"18-02-2014 23h15";97.15;0;29.6;0;0;0;
"18-02-2014 23h30";95.15;0;28.4;0;0;0;
"18-02-2014 23h45";100.16;0;34.9;0;0;0;
"18-02-2014 00h00";98.15;0;28.7;0;0;0;
"19-02-2014 00h15";99.15;0;27.8;0;0;0;
"19-02-2014 00h30";103.16;0;32.2;0;0;0;
"19-02-2014 00h45";106.16;0;30.5;0;0;0;
"19-02-2014 01h00";104.16;0;31.3;0;0;0;
"19-02-2014 01h15";106.16;0;28.5;0;0;0;
"19-02-2014 01h30";109.16;0;30.8;0;0;0;
"19-02-2014 01h45";95.15;0;31.4;0;0;0;
"19-02-2014 02h00";90.15;0;26.9;0;0;0;
"19-02-2014 02h15";92.15;0;27.1;0;0;0;
"19-02-2014 02h30";92.15;0;26.1;0;0;0;
"19-02-2014 02h45";107.16;0;28.6;0;0;0;
"19-02-2014 03h00";98.15;0;26.7;0;0;0;
"19-02-2014 03h15";95.15;0;25.4;0;0;0;
"19-02-2014 03h30";91.15;0;28;0;0;0;
"19-02-2014 03h45";109.16;0;33.8;0;0;0;
"19-02-2014 04h00";103.16;0;30.2;0;0;0;
"19-02-2014 04h15";101.16;0;34;0;0;0;
"19-02-2014 04h30";99.15;0;30.8;0;0;0;
"19-02-2014 04h45";108.16;0;35.7;0;0;0;
"19-02-2014 05h00";101.16;0;32;0;0;0;
"19-02-2014 05h15";95.15;0;28.4;0;0;0;
"19-02-2014 05h30";94.15;0;30.3;0;0;0;
"19-02-2014 05h45";108.16;0;30.7;0;0;0;
"19-02-2014 06h00";101.16;0;32;0;0;0;
"19-02-2014 06h15";98.15;0;25.7;0;0;0;
"19-02-2014 06h30";106.16;0;29.5;0;0;0;
"19-02-2014 06h45";114.17;0;31.3;0;0;0;
"19-02-2014 07h00";120.17;0;35.9;0;0;0;
"19-02-2014 07h15";209.7;0;54.8;0;0;0;
"19-02-2014 07h30";206.69;0;59.5;0;0;0;
"19-02-2014 07h45";187.64;0;53.6;0;0;0;
"19-02-2014 08h00";182.62;0;50.1;0;0;0;
"19-02-2014 08h15";185.63;0;49.4;0;0;0;
"19-02-2014 08h30";162.56;0;46.1;0;0;0;
"19-02-2014 08h45";168.58;0;47.7;0;0;0;
"19-02-2014 09h00";171.59;0;47;0;0;0;
"19-02-2014 09h15";174.6;0;50.3;0;0;0;
"19-02-2014 09h30";181.62;0;50;0;0;0;
"19-02-2014 09h45";197.67;0;55.6;0;0;0;
"19-02-2014 10h00";176.6;0;47.5;0;0;0;
"19-02-2014 10h15";155.54;0;41.4;0;0;0;
"19-02-2014 10h30";155.54;0;40.4;0;0;0;
"19-02-2014 10h45";159.55;0;44.8;0;0;0;
"19-02-2014 11h00";174.6;0;49.3;0;0;0;
"19-02-2014 11h15";178.61;0;50.7;0;0;0;
"19-02-2014 11h30";171.59;0;51;0;0;0;
"19-02-2014 11h45";174.6;0;52.3;0;0;0;
"19-02-2014 12h00";184.63;0;54.3;0;0;0;
"19-02-2014 12h15";175.6;0;47.4;0;0;0;
"19-02-2014 12h30";181.62;0;51;0;0;0;
"19-02-2014 12h45";185.63;0;51.4;0;0;0;
"19-02-2014 13h00";183.62;0;51.2;0;0;0;
"19-02-2014 13h15";183.62;0;50.2;0;0;0;
"19-02-2014 13h30";183.62;0;55.2;0;0;0;
"19-02-2014 13h45";197.67;0;55.6;0;0;0;
"19-02-2014 14h00";173.59;0;48.2;0;0;0;
"19-02-2014 14h15";174.6;0;51.3;0;0;0;
"19-02-2014 14h30";164.57;0;45.3;0;0;0;
"19-02-2014 14h45";182.62;0;56.1;0;0;0;
"19-02-2014 15h00";177.61;0;49.6;0;0;0;
"19-02-2014 15h15";181.62;0;51;0;0;0;
"19-02-2014 15h30";176.6;0;52.5;0;0;0;
"19-02-2014 15h45";185.63;0;56.4;0;0;0;
"19-02-2014 16h00";185.63;0;54.4;0;0;0;
"19-02-2014 16h15";174.6;0;51.3;0;0;0;
"19-02-2014 16h30";175.6;0;49.4;0;0;0;
"19-02-2014 16h45";181.62;0;54;0;0;0;
"19-02-2014 17h00";188.64;0;53.7;0;0;0;
"19-02-2014 17h15";186.63;0;53.5;0;0;0;
"19-02-2014 17h30";182.62;0;53.1;0;0;0;
"19-02-2014 17h45";190.65;0;55.9;0;0;0;
"19-02-2014 18h00";184.63;0;54.3;0;0;0;
"19-02-2014 18h15";183.62;0;46.2;0;0;0;
"19-02-2014 18h30";209.7;0;54.8;0;0;0;
"19-02-2014 18h45";195.66;0;52.4;0;0;0;
"19-02-2014 19h00";196.66;0;56.5;0;0;0;
"19-02-2014 19h15";202.68;0;56.1;0;0;0;
"19-02-2014 19h30";201.68;0;59;0;0;0;
"19-02-2014 19h45";198.67;0;60.7;0;0;0;
"19-02-2014 20h00";198.67;0;56.7;0;0;0;
"19-02-2014 20h15";188.64;0;53.7;0;0;0;
"19-02-2014 20h30";195.66;0;51.4;0;0;0;
"19-02-2014 20h45";194.66;0;51.3;0;0;0;
"19-02-2014 21h00";176.6;0;50.5;0;0;0;
"19-02-2014 21h15";185.63;0;53.4;0;0;0;
"19-02-2014 21h30";183.62;0;55.2;0;0;0;
"19-02-2014 21h45";178.61;0;55.7;0;0;0;
"19-02-2014 22h00";181.62;0;53;0;0;0;
"19-02-2014 22h15";169.58;0;45.8;0;0;0;
"19-02-2014 22h30";152.53;0;46.1;0;0;0;
"19-02-2014 22h45";136.48;0;40.5;0;0;0;
"19-02-2014 23h00";117.17;0;32.6;0;0;0;
"19-02-2014 23h15";108.16;0;31.7;0;0;0;
"19-02-2014 23h30";90.15;0;28.9;0;0;0;
"19-02-2014 23h45";87.14;0;27.6;0;0;0;
"19-02-2014 00h00";89.15;0;25.8;0;0;0;
"20-02-2014 00h15";82.14;0;24.1;0;0;0;
"20-02-2014 00h30";90.15;0;27.9;0;0;0;
"20-02-2014 00h45";86.14;0;26.5;0;0;0;
"20-02-2014 01h00";91.15;0;25;0;0;0;
"20-02-2014 01h15";100.16;0;29.9;0;0;0;
"20-02-2014 01h30";101.16;0;32;0;0;0;
"20-02-2014 01h45";99.15;0;31.8;0;0;0;
"20-02-2014 02h00";96.15;0;30.5;0;0;0;
"20-02-2014 02h15";100.16;0;30.9;0;0;0;
"20-02-2014 02h30";99.15;0;30.8;0;0;0;
"20-02-2014 02h45";111.16;0;37;0;0;0;
"20-02-2014 03h00";104.16;0;34.3;0;0;0;
"20-02-2014 03h15";100.16;0;26.9;0;0;0;
"20-02-2014 03h30";100.16;0;30.9;0;0;0;
"20-02-2014 03h45";111.16;0;36;0;0;0;
"20-02-2014 04h00";104.16;0;34.3;0;0;0;
"20-02-2014 04h15";99.15;0;29.8;0;0;0;
"20-02-2014 04h30";103.16;0;34.2;0;0;0;
"20-02-2014 04h45";105.16;0;33.4;0;0;0;
"20-02-2014 05h00";101.16;0;34;0;0;0;
"20-02-2014 05h15";98.15;0;30.7;0;0;0;
"20-02-2014 05h30";95.15;0;31.4;0;0;0;
"20-02-2014 05h45";108.16;0;30.7;0;0;0;
"20-02-2014 06h00";100.16;0;32.9;0;0;0;
"20-02-2014 06h15";93.15;0;23.2;0;0;0;
"20-02-2014 06h30";105.16;0;31.4;0;0;0;
"20-02-2014 06h45";112.16;0;27.1;0;0;0;
"20-02-2014 07h00";124.17;0;34.3;0;0;0;
"20-02-2014 07h15";207.7;0;52.6;0;0;0;
"20-02-2014 07h30";187.64;0;54.6;0;0;0;
"20-02-2014 07h45";195.66;0;54.4;0;0;0;
"20-02-2014 08h00";174.6;0;45.3;0;0;0;
"20-02-2014 08h15";170.59;0;47.9;0;0;0;
"20-02-2014 08h30";159.55;0;45.8;0;0;0;
"20-02-2014 08h45";177.61;0;47.6;0;0;0;
"20-02-2014 09h00";175.6;0;48.4;0;0;0;
"20-02-2014 09h15";174.6;0;47.3;0;0;0;
"20-02-2014 09h30";164.57;0;48.3;0;0;0;
"20-02-2014 09h45";191.65;0;56;0;0;0;
"20-02-2014 10h00";185.63;0;52.4;0;0;0;
"20-02-2014 10h15";182.62;0;52.1;0;0;0;
"20-02-2014 10h30";185.63;0;52.4;0;0;0;
"20-02-2014 10h45";173.59;0;50.2;0;0;0;
"20-02-2014 11h00";175.6;0;49.4;0;0;0;
"20-02-2014 11h15";181.62;0;53;0;0;0;
"20-02-2014 11h30";180.62;0;51.9;0;0;0;
"20-02-2014 11h45";179.61;0;51.8;0;0;0;
"20-02-2014 12h00";182.62;0;51.1;0;0;0;
"20-02-2014 12h15";179.61;0;50.8;0;0;0;
"20-02-2014 12h30";190.65;0;52.9;0;0;0;
"20-02-2014 12h45";190.65;0;52.9;0;0;0;
"20-02-2014 13h00";181.62;0;49;0;0;0;
"20-02-2014 13h15";161.56;0;48;0;0;0;
"20-02-2014 13h30";169.58;0;48.8;0;0;0;
"20-02-2014 13h45";176.6;0;48.5;0;0;0;
"20-02-2014 14h00";181.62;0;53;0;0;0;
"20-02-2014 14h15";176.6;0;47.5;0;0;0;
"20-02-2014 14h30";163.56;0;48.2;0;0;0;
"20-02-2014 14h45";187.64;0;54.6;0;0;0;
"20-02-2014 15h00";180.62;0;49.9;0;0;0;
"20-02-2014 15h15";177.61;0;45.6;0;0;0;
"20-02-2014 15h30";177.61;0;50.6;0;0;0;
"20-02-2014 15h45";185.63;0;54.4;0;0;0;
"20-02-2014 16h00";173.59;0;47.2;0;0;0;
"20-02-2014 16h15";178.61;0;53.7;0;0;0;
"20-02-2014 16h30";173.59;0;51.2;0;0;0;
"20-02-2014 16h45";177.61;0;49.6;0;0;0;
"20-02-2014 17h00";188.64;0;49.7;0;0;0;
"20-02-2014 17h15";178.61;0;49.7;0;0;0;
"20-02-2014 17h30";169.58;0;48.8;0;0;0;
"20-02-2014 17h45";177.61;0;50.6;0;0;0;
"20-02-2014 18h00";179.61;0;46.8;0;0;0;
"20-02-2014 18h15";178.61;0;48.7;0;0;0;
"20-02-2014 18h30";199.67;0;52.8;0;0;0;
"20-02-2014 18h45";201.68;0;56;0;0;0;
"20-02-2014 19h00";202.68;0;59.1;0;0;0;
"20-02-2014 19h15";200.68;0;54.9;0;0;0;
"20-02-2014 19h30";195.66;0;56.4;0;0;0;
"20-02-2014 19h45";201.68;0;49;0;0;0;
"20-02-2014 20h00";191.65;0;55;0;0;0;
"20-02-2014 20h15";194.66;0;58.3;0;0;0;
"20-02-2014 20h30";187.64;0;52.6;0;0;0;
"20-02-2014 20h45";179.61;0;48.8;0;0;0;
"20-02-2014 21h00";179.61;0;52.8;0;0;0;
"20-02-2014 21h15";186.63;0;50.5;0;0;0;
"20-02-2014 21h30";180.62;0;51.9;0;0;0;
"20-02-2014 21h45";186.63;0;52.5;0;0;0;
"20-02-2014 22h00";185.63;0;55.4;0;0;0;
"20-02-2014 22h15";180.62;0;48.9;0;0;0;
"20-02-2014 22h30";163.56;0;47.2;0;0;0;
"20-02-2014 22h45";148.52;0;39.7;0;0;0;
"20-02-2014 23h00";127.46;0;36.6;0;0;0;
"20-02-2014 23h15";110.16;0;33.9;0;0;0;
"20-02-2014 23h30";96.15;0;32.5;0;0;0;
"20-02-2014 23h45";95.15;0;30.4;0;0;0;
"20-02-2014 00h00";91.15;0;32;0;0;0;
"21-02-2014 00h15";82.14;0;25.1;0;0;0;
"21-02-2014 00h30";80.14;0;24.9;0;0;0;
"21-02-2014 00h45";84.14;0;26.3;0;0;0;
"21-02-2014 01h00";77.14;0;26.6;0;0;0;
"21-02-2014 01h15";96.15;0;30.5;0;0;0;
"21-02-2014 01h30";98.15;0;32.7;0;0;0;
"21-02-2014 01h45";90.15;0;24.9;0;0;0;
"21-02-2014 02h00";85.14;0;29.4;0;0;0;
"21-02-2014 02h15";89.15;0;28.8;0;0;0;
"21-02-2014 02h30";89.15;0;28.8;0;0;0;
"21-02-2014 02h45";104.16;0;33.3;0;0;0;
"21-02-2014 03h00";92.15;0;28.1;0;0;0;
"21-02-2014 03h15";96.15;0;28.5;0;0;0;
"21-02-2014 03h30";96.15;0;27.5;0;0;0;
"21-02-2014 03h45";106.16;0;36.5;0;0;0;
"21-02-2014 04h00";97.15;0;30.6;0;0;0;
"21-02-2014 04h15";97.15;0;30.6;0;0;0;
"21-02-2014 04h30";97.15;0;32.6;0;0;0;
"21-02-2014 04h45";102.16;0;34.1;0;0;0;
"21-02-2014 05h00";94.15;0;30.3;0;0;0;
"21-02-2014 05h15";98.15;0;32.7;0;0;0;
"21-02-2014 05h30";95.15;0;34.4;0;0;0;
"21-02-2014 05h45";103.16;0;32.2;0;0;0;
"21-02-2014 06h00";97.15;0;31.6;0;0;0;
"21-02-2014 06h15";91.15;0;28;0;0;0;
"21-02-2014 06h30";112.16;0;32.1;0;0;0;
"21-02-2014 06h45";110.16;0;29.9;0;0;0;
"21-02-2014 07h00";178.61;0;46.7;0;0;0;
"21-02-2014 07h15";219.73;0;60.8;0;0;0;
"21-02-2014 07h30";196.66;0;57.5;0;0;0;
"21-02-2014 07h45";180.62;0;55.9;0;0;0;
"21-02-2014 08h00";179.61;0;50.8;0;0;0;
"21-02-2014 08h15";155.54;0;46.4;0;0;0;
"21-02-2014 08h30";149.52;0;44.8;0;0;0;
"21-02-2014 08h45";176.6;0;49.5;0;0;0;
"21-02-2014 09h00";167.58;0;47.6;0;0;0;
"21-02-2014 09h15";170.59;0;50.9;0;0;0;
"21-02-2014 09h30";178.61;0;55.7;0;0;0;
"21-02-2014 09h45";191.65;0;58;0;0;0;
"21-02-2014 10h00";188.64;0;56.7;0;0;0;
"21-02-2014 10h15";182.62;0;51.1;0;0;0;
"21-02-2014 10h30";175.6;0;50.4;0;0;0;
"21-02-2014 10h45";173.59;0;52.2;0;0;0;
"21-02-2014 11h00";173.59;0;47.2;0;0;0;
"21-02-2014 11h15";176.6;0;53.5;0;0;0;
"21-02-2014 11h30";171.59;0;49;0;0;0;
"21-02-2014 11h45";165.57;0;53.4;0;0;0;
"21-02-2014 12h00";167.58;0;47.6;0;0;0;
"21-02-2014 12h15";163.56;0;43.2;0;0;0;
"21-02-2014 12h30";169.58;0;49.8;0;0;0;
"21-02-2014 12h45";177.61;0;51.6;0;0;0;
"21-02-2014 13h00";177.61;0;51.6;0;0;0;
"21-02-2014 13h15";174.6;0;48.3;0;0;0;
"21-02-2014 13h30";167.58;0;46.6;0;0;0;
"21-02-2014 13h45";160.56;0;46.9;0;0;0;
"21-02-2014 14h00";166.57;0;51.5;0;0;0;
"21-02-2014 14h15";159.55;0;43.8;0;0;0;
"21-02-2014 14h30";160.56;0;45.9;0;0;0;
"21-02-2014 14h45";172.59;0;48.1;0;0;0;
"21-02-2014 15h00";163.56;0;48.2;0;0;0;
"21-02-2014 15h15";162.56;0;45.1;0;0;0;
"21-02-2014 15h30";162.56;0;49.1;0;0;0;
"21-02-2014 15h45";176.6;0;48.5;0;0;0;
"21-02-2014 16h00";175.6;0;48.4;0;0;0;
"21-02-2014 16h15";172.59;0;46.1;0;0;0;
"21-02-2014 16h30";160.56;0;41.9;0;0;0;
"21-02-2014 16h45";179.61;0;50.8;0;0;0;
"21-02-2014 17h00";198.67;0;51.7;0;0;0;
"21-02-2014 17h15";178.61;0;47.7;0;0;0;
"21-02-2014 17h30";184.63;0;52.3;0;0;0;
"21-02-2014 17h45";182.62;0;51.1;0;0;0;
"21-02-2014 18h00";193.65;0;54.2;0;0;0;
"21-02-2014 18h15";181.62;0;47;0;0;0;
"21-02-2014 18h30";191.65;0;54;0;0;0;
"21-02-2014 18h45";199.67;0;55.8;0;0;0;
"21-02-2014 19h00";187.64;0;53.6;0;0;0;
"21-02-2014 19h15";199.67;0;56.8;0;0;0;
"21-02-2014 19h30";191.65;0;58;0;0;0;
"21-02-2014 19h45";205.69;0;58.4;0;0;0;
"21-02-2014 20h00";194.66;0;56.3;0;0;0;
"21-02-2014 20h15";203.68;0;56.2;0;0;0;
"21-02-2014 20h30";193.65;0;54.2;0;0;0;
"21-02-2014 20h45";195.66;0;54.4;0;0;0;
"21-02-2014 21h00";188.64;0;52.7;0;0;0;
"21-02-2014 21h15";186.63;0;49.5;0;0;0;
"21-02-2014 21h30";177.61;0;50.6;0;0;0;
"21-02-2014 21h45";176.6;0;51.5;0;0;0;
"21-02-2014 22h00";174.6;0;52.3;0;0;0;
"21-02-2014 22h15";175.6;0;49.4;0;0;0;
"21-02-2014 22h30";154.54;0;41.3;0;0;0;
"21-02-2014 22h45";146.51;0;40.5;0;0;0;
"21-02-2014 23h00";128.46;0;36.7;0;0;0;
"21-02-2014 23h15";110.16;0;31.9;0;0;0;
"21-02-2014 23h30";91.15;0;24;0;0;0;
"21-02-2014 23h45";92.15;0;28.1;0;0;0;
"21-02-2014 00h00";88.15;0;25.7;0;0;0;
"22-02-2014 00h15";85.14;0;24.4;0;0;0;
"22-02-2014 00h30";89.15;0;24.8;0;0;0;
"22-02-2014 00h45";87.14;0;30.6;0;0;0;
"22-02-2014 01h00";89.15;0;28.8;0;0;0;
"22-02-2014 01h15";106.16;0;35.5;0;0;0;
"22-02-2014 01h30";105.16;0;32.4;0;0;0;
"22-02-2014 01h45";105.16;0;32.4;0;0;0;
"22-02-2014 02h00";102.16;0;34.1;0;0;0;
"22-02-2014 02h15";103.16;0;33.2;0;0;0;
"22-02-2014 02h30";99.15;0;30.8;0;0;0;
"22-02-2014 02h45";117.17;0;36.6;0;0;0;
"22-02-2014 03h00";105.16;0;31.4;0;0;0;
"22-02-2014 03h15";106.16;0;33.5;0;0;0;
"22-02-2014 03h30";101.16;0;34;0;0;0;
"22-02-2014 03h45";111.16;0;35;0;0;0;
"22-02-2014 04h00";103.16;0;34.2;0;0;0;
"22-02-2014 04h15";106.16;0;33.5;0;0;0;
"22-02-2014 04h30";104.16;0;30.3;0;0;0;
"22-02-2014 04h45";111.16;0;37;0;0;0;
"22-02-2014 05h00";108.16;0;35.7;0;0;0;
"22-02-2014 05h15";105.16;0;32.4;0;0;0;
"22-02-2014 05h30";103.16;0;31.2;0;0;0;
"22-02-2014 05h45";115.17;0;37.4;0;0;0;
"22-02-2014 06h00";104.16;0;31.3;0;0;0;
"22-02-2014 06h15";104.16;0;32.3;0;0;0;
"22-02-2014 06h30";112.16;0;33.1;0;0;0;
"22-02-2014 06h45";125.18;0;35.4;0;0;0;
"22-02-2014 07h00";187.64;0;49.6;0;0;0;
"22-02-2014 07h15";204.69;0;54.3;0;0;0;
"22-02-2014 07h30";187.64;0;54.6;0;0;0;
"22-02-2014 07h45";172.59;0;49.1;0;0;0;
"22-02-2014 08h00";158.55;0;43.7;0;0;0;
"22-02-2014 08h15";192.65;0;51.1;0;0;0;
"22-02-2014 08h30";159.55;0;44.8;0;0;0;
"22-02-2014 08h45";167.58;0;48.6;0;0;0;
"22-02-2014 09h00";176.6;0;48.5;0;0;0;
"22-02-2014 09h15";179.61;0;53.8;0;0;0;
"22-02-2014 09h30";180.62;0;52.9;0;0;0;
"22-02-2014 09h45";183.62;0;52.2;0;0;0;
"22-02-2014 10h00";181.62;0;51;0;0;0;
"22-02-2014 10h15";184.63;0;52.3;0;0;0;
"22-02-2014 10h30";188.64;0;54.7;0;0;0;
"22-02-2014 10h45";191.65;0;55;0;0;0;
"22-02-2014 11h00";211.71;0;61;0;0;0;
"22-02-2014 11h15";195.66;0;56.4;0;0;0;
"22-02-2014 11h30";191.65;0;54;0;0;0;
"22-02-2014 11h45";185.63;0;53.4;0;0;0;
"22-02-2014 12h00";185.63;0;51.4;0;0;0;
"22-02-2014 12h15";184.63;0;50.3;0;0;0;
"22-02-2014 12h30";202.68;0;56.1;0;0;0;
"22-02-2014 12h45";186.63;0;51.5;0;0;0;
"22-02-2014 13h00";204.69;0;54.3;0;0;0;
"22-02-2014 13h15";184.63;0;51.3;0;0;0;
"22-02-2014 13h30";192.65;0;55.1;0;0;0;
"22-02-2014 13h45";186.63;0;55.5;0;0;0;
"22-02-2014 14h00";179.61;0;51.8;0;0;0;
"22-02-2014 14h15";173.59;0;54.2;0;0;0;
"22-02-2014 14h30";165.57;0;44.4;0;0;0;
"22-02-2014 14h45";181.62;0;55;0;0;0;
"22-02-2014 15h00";177.61;0;49.6;0;0;0;
"22-02-2014 15h15";185.63;0;52.4;0;0;0;
"22-02-2014 15h30";180.62;0;50.9;0;0;0;
"22-02-2014 15h45";179.61;0;54.8;0;0;0;
"22-02-2014 16h00";176.6;0;51.5;0;0;0;
"22-02-2014 16h15";174.6;0;50.3;0;0;0;
"22-02-2014 16h30";177.61;0;53.6;0;0;0;
"22-02-2014 16h45";188.64;0;51.7;0;0;0;
"22-02-2014 17h00";181.62;0;52;0;0;0;
"22-02-2014 17h15";180.62;0;53.9;0;0;0;
"22-02-2014 17h30";181.62;0;46;0;0;0;
"22-02-2014 17h45";194.66;0;57.3;0;0;0;
"22-02-2014 18h00";191.65;0;51;0;0;0;
"22-02-2014 18h15";186.63;0;48.5;0;0;0;
"22-02-2014 18h30";196.66;0;52.5;0;0;0;
"22-02-2014 18h45";209.7;0;56.8;0;0;0;
"22-02-2014 19h00";195.66;0;53.4;0;0;0;
"22-02-2014 19h15";198.67;0;53.7;0;0;0;
"22-02-2014 19h30";208.7;0;56.7;0;0;0;
"22-02-2014 19h45";203.68;0;55.2;0;0;0;
"22-02-2014 20h00";199.67;0;55.8;0;0;0;
"22-02-2014 20h15";197.67;0;54.6;0;0;0;
"22-02-2014 20h30";203.68;0;56.2;0;0;0;
"22-02-2014 20h45";193.65;0;51.2;0;0;0;
"22-02-2014 21h00";184.63;0;51.3;0;0;0;
"22-02-2014 21h15";184.63;0;51.3;0;0;0;
"22-02-2014 21h30";186.63;0;50.5;0;0;0;
"22-02-2014 21h45";177.61;0;48.6;0;0;0;
"22-02-2014 22h00";180.62;0;48.9;0;0;0;
"22-02-2014 22h15";166.57;0;46.5;0;0;0;
"22-02-2014 22h30";150.53;0;39.9;0;0;0;
"22-02-2014 22h45";146.51;0;37.5;0;0;0;
"22-02-2014 23h00";132.47;0;38.1;0;0;0;
"22-02-2014 23h15";99.15;0;31.8;0;0;0;
"22-02-2014 23h30";80.14;0;28.9;0;0;0;
"22-02-2014 23h45";86.14;0;21.5;0;0;0;
"22-02-2014 00h00";81.14;0;23;0;0;0;
"23-02-2014 00h15";78.14;0;18.7;0;0;0;
"23-02-2014 00h30";82.14;0;24.1;0;0;0;
"23-02-2014 00h45";83.14;0;24.2;0;0;0;
"23-02-2014 01h00";79.14;0;25.8;0;0;0;
"23-02-2014 01h15";89.15;0;28.8;0;0;0;
"23-02-2014 01h30";97.15;0;30.6;0;0;0;
"23-02-2014 01h45";91.15;0;29;0;0;0;
"23-02-2014 02h00";90.15;0;22.9;0;0;0;
"23-02-2014 02h15";92.15;0;28.1;0;0;0;
"23-02-2014 02h30";91.15;0;28;0;0;0;
"23-02-2014 02h45";104.16;0;31.3;0;0;0;
"23-02-2014 03h00";95.15;0;27.4;0;0;0;
"23-02-2014 03h15";96.15;0;27.5;0;0;0;
"23-02-2014 03h30";94.15;0;29.3;0;0;0;
"23-02-2014 03h45";101.16;0;30;0;0;0;
"23-02-2014 04h00";97.15;0;30.6;0;0;0;
"23-02-2014 04h15";92.15;0;28.1;0;0;0;
"23-02-2014 04h30";90.15;0;26.9;0;0;0;
"23-02-2014 04h45";99.15;0;30.8;0;0;0;
"23-02-2014 05h00";95.15;0;29.4;0;0;0;
"23-02-2014 05h15";90.15;0;28.9;0;0;0;
"23-02-2014 05h30";90.15;0;26.9;0;0;0;
"23-02-2014 05h45";101.16;0;30;0;0;0;
"23-02-2014 06h00";97.15;0;27.6;0;0;0;
"23-02-2014 06h15";91.15;0;27;0;0;0;
"23-02-2014 06h30";97.15;0;26.6;0;0;0;
"23-02-2014 06h45";105.16;0;30.4;0;0;0;
"23-02-2014 07h00";151.53;0;40;0;0;0;
"23-02-2014 07h15";199.67;0;51.8;0;0;0;
"23-02-2014 07h30";208.7;0;60.7;0;0;0;
"23-02-2014 07h45";182.62;0;48.1;0;0;0;
"23-02-2014 08h00";166.57;0;43.5;0;0;0;
"23-02-2014 08h15";174.6;0;49.3;0;0;0;
"23-02-2014 08h30";176.6;0;50.5;0;0;0;
"23-02-2014 08h45";188.64;0;54.7;0;0;0;
"23-02-2014 09h00";179.61;0;46.8;0;0;0;
"23-02-2014 09h15";188.64;0;54.7;0;0;0;
"23-02-2014 09h30";165.57;0;44.4;0;0;0;
"23-02-2014 09h45";188.64;0;56.7;0;0;0;
"23-02-2014 10h00";200.68;0;59.9;0;0;0;
"23-02-2014 10h15";205.69;0;58.4;0;0;0;
"23-02-2014 10h30";185.63;0;52.4;0;0;0;
"23-02-2014 10h45";177.61;0;50.6;0;0;0;
"23-02-2014 11h00";186.63;0;53.5;0;0;0;
"23-02-2014 11h15";189.64;0;55.8;0;0;0;
"23-02-2014 11h30";186.63;0;53.5;0;0;0;
"23-02-2014 11h45";185.63;0;52.4;0;0;0;
"23-02-2014 12h00";179.61;0;50.8;0;0;0;
"23-02-2014 12h15";169.58;0;48.8;0;0;0;
"23-02-2014 12h30";186.63;0;52.5;0;0;0;
"23-02-2014 12h45";178.61;0;50.7;0;0;0;
"23-02-2014 13h00";180.62;0;50.9;0;0;0;
"23-02-2014 13h15";186.63;0;55.5;0;0;0;
"23-02-2014 13h30";180.62;0;52.9;0;0;0;
"23-02-2014 13h45";184.63;0;56.3;0;0;0;
"23-02-2014 14h00";175.6;0;52.4;0;0;0;
"23-02-2014 14h15";183.62;0;50.2;0;0;0;
"23-02-2014 14h30";182.62;0;53.1;0;0;0;
"23-02-2014 14h45";190.65;0;53.9;0;0;0;
"23-02-2014 15h00";177.61;0;51.6;0;0;0;
"23-02-2014 15h15";179.61;0;48.8;0;0;0;
"23-02-2014 15h30";165.57;0;44.4;0;0;0;
"23-02-2014 15h45";175.6;0;52.4;0;0;0;
"23-02-2014 16h00";169.58;0;50.8;0;0;0;
"23-02-2014 16h15";171.59;0;49;0;0;0;
"23-02-2014 16h30";166.57;0;49.5;0;0;0;
"23-02-2014 16h45";183.62;0;52.2;0;0;0;
"23-02-2014 17h00";182.62;0;54.1;0;0;0;
"23-02-2014 17h15";184.63;0;55.3;0;0;0;
"23-02-2014 17h30";189.64;0;49.8;0;0;0;
"23-02-2014 17h45";184.63;0;51.3;0;0;0;
"23-02-2014 18h00";178.61;0;48.7;0;0;0;
"23-02-2014 18h15";167.58;0;47.6;0;0;0;
"23-02-2014 18h30";197.67;0;54.6;0;0;0;
"23-02-2014 18h45";196.66;0;51.5;0;0;0;
"23-02-2014 19h00";190.65;0;50.9;0;0;0;
"23-02-2014 19h15";189.64;0;51.8;0;0;0;
"23-02-2014 19h30";185.63;0;46.4;0;0;0;
"23-02-2014 19h45";185.63;0;51.4;0;0;0;
"23-02-2014 20h00";187.64;0;51.6;0;0;0;
"23-02-2014 20h15";184.63;0;50.3;0;0;0;
"23-02-2014 20h30";176.6;0;46.5;0;0;0;
"23-02-2014 20h45";175.6;0;42.4;0;0;0;
"23-02-2014 21h00";174.6;0;47.3;0;0;0;
"23-02-2014 21h15";181.62;0;55;0;0;0;
"23-02-2014 21h30";175.6;0;49.4;0;0;0;
"23-02-2014 21h45";176.6;0;48.5;0;0;0;
"23-02-2014 22h00";173.59;0;51.2;0;0;0;
"23-02-2014 22h15";166.57;0;47.5;0;0;0;
"23-02-2014 22h30";147.52;0;38.6;0;0;0;
"23-02-2014 22h45";137.49;0;41.6;0;0;0;
"23-02-2014 23h00";119.17;0;29.8;0;0;0;
"23-02-2014 23h15";104.16;0;34.3;0;0;0;
"23-02-2014 23h30";85.14;0;23.4;0;0;0;
"23-02-2014 23h45";85.14;0;24.4;0;0;0;
"23-02-2014 00h00";95.15;0;31.4;0;0;0;
"24-02-2014 00h15";83.14;0;22.2;0;0;0;
"24-02-2014 00h30";97.15;0;28.6;0;0;0;
"24-02-2014 00h45";92.15;0;30.1;0;0;0;
"24-02-2014 01h00";83.14;0;27.2;0;0;0;
"24-02-2014 01h15";88.15;0;30.7;0;0;0;
"24-02-2014 01h30";87.14;0;30.6;0;0;0;
"24-02-2014 01h45";85.14;0;27.4;0;0;0;
"24-02-2014 02h00";82.14;0;24.1;0;0;0;
"24-02-2014 02h15";82.14;0;23.1;0;0;0;
"24-02-2014 02h30";83.14;0;25.2;0;0;0;
"24-02-2014 02h45";97.15;0;28.6;0;0;0;
"24-02-2014 03h00";90.15;0;25.9;0;0;0;
"24-02-2014 03h15";86.14;0;19.5;0;0;0;
"24-02-2014 03h30";85.14;0;28.4;0;0;0;
"24-02-2014 03h45";96.15;0;29.5;0;0;0;
"24-02-2014 04h00";89.15;0;25.8;0;0;0;
"24-02-2014 04h15";87.14;0;23.6;0;0;0;
"24-02-2014 04h30";87.14;0;26.6;0;0;0;
"24-02-2014 04h45";91.15;0;25;0;0;0;
"24-02-2014 05h00";83.14;0;24.2;0;0;0;
"24-02-2014 05h15";87.14;0;28.6;0;0;0;
"24-02-2014 05h30";79.14;0;25.8;0;0;0;
"24-02-2014 05h45";91.15;0;27;0;0;0;
"24-02-2014 06h00";86.14;0;25.5;0;0;0;
"24-02-2014 06h15";82.14;0;26.1;0;0;0;
"24-02-2014 06h30";87.14;0;24.6;0;0;0;
"24-02-2014 06h45";97.15;0;26.6;0;0;0;
"24-02-2014 07h00";170.59;0;45.9;0;0;0;
"24-02-2014 07h15";182.62;0;49.1;0;0;0;
"24-02-2014 07h30";158.55;0;46.7;0;0;0;
"24-02-2014 07h45";163.56;0;48.2;0;0;0;
"24-02-2014 08h00";156.54;0;37.5;0;0;0;
"24-02-2014 08h15";140.5;0;40.9;0;0;0;
"24-02-2014 08h30";152.53;0;41.1;0;0;0;
"24-02-2014 08h45";166.57;0;49.5;0;0;0;
"24-02-2014 09h00";178.61;0;51.7;0;0;0;
"24-02-2014 09h15";183.62;0;53.2;0;0;0;
"24-02-2014 09h30";176.6;0;51.5;0;0;0;
"24-02-2014 09h45";200.68;0;59.9;0;0;0;
"24-02-2014 10h00";198.67;0;56.7;0;0;0;
"24-02-2014 10h15";185.63;0;51.4;0;0;0;
"24-02-2014 10h30";180.62;0;50.9;0;0;0;
"24-02-2014 10h45";178.61;0;51.7;0;0;0;
"24-02-2014 11h00";173.59;0;52.2;0;0;0;
"24-02-2014 11h15";162.56;0;48.1;0;0;0;
"24-02-2014 11h30";170.59;0;50.9;0;0;0;
"24-02-2014 11h45";184.63;0;51.3;0;0;0;
"24-02-2014 12h00";187.64;0;56.6;0;0;0;
"24-02-2014 12h15";172.59;0;48.1;0;0;0;
"24-02-2014 12h30";199.67;0;55.8;0;0;0;
"24-02-2014 12h45";187.64;0;51.6;0;0;0;
"24-02-2014 13h00";170.59;0;49.9;0;0;0;
"24-02-2014 13h15";161.56;0;48;0;0;0;
"24-02-2014 13h30";174.6;0;47.3;0;0;0;
"24-02-2014 13h45";173.59;0;49.2;0;0;0;
"24-02-2014 14h00";171.59;0;48;0;0;0;
"24-02-2014 14h15";155.54;0;49.4;0;0;0;
"24-02-2014 14h30";153.53;0;44.2;0;0;0;
"24-02-2014 14h45";165.57;0;48.4;0;0;0;
"24-02-2014 15h00";160.56;0;47.9;0;0;0;
"24-02-2014 15h15";160.56;0;43.9;0;0;0;
"24-02-2014 15h30";166.57;0;48.5;0;0;0;
"24-02-2014 15h45";172.59;0;46.1;0;0;0;
"24-02-2014 16h00";173.59;0;49.2;0;0;0;
"24-02-2014 16h15";160.56;0;43.9;0;0;0;
"24-02-2014 16h30";161.56;0;44;0;0;0;
"24-02-2014 16h45";165.57;0;49.4;0;0;0;
"24-02-2014 17h00";162.56;0;47.1;0;0;0;
"24-02-2014 17h15";174.6;0;51.3;0;0;0;
"24-02-2014 17h30";176.6;0;50.5;0;0;0;
"24-02-2014 17h45";190.65;0;52.9;0;0;0;
"24-02-2014 18h00";189.64;0;52.8;0;0;0;
"24-02-2014 18h15";181.62;0;47;0;0;0;
"24-02-2014 18h30";193.65;0;49.2;0;0;0;
"24-02-2014 18h45";191.65;0;53;0;0;0;
"24-02-2014 19h00";193.65;0;55.2;0;0;0;
"24-02-2014 19h15";203.68;0;51.2;0;0;0;
"24-02-2014 19h30";197.67;0;56.6;0;0;0;
"24-02-2014 19h45";204.69;0;56.3;0;0;0;
"24-02-2014 20h00";188.64;0;53.7;0;0;0;
"24-02-2014 20h15";173.59;0;47.2;0;0;0;
"24-02-2014 20h30";182.62;0;51.1;0;0;0;
"24-02-2014 20h45";188.64;0;52.7;0;0;0;
"24-02-2014 21h00";193.65;0;50.2;0;0;0;
"24-02-2014 21h15";185.63;0;56.4;0;0;0;
"24-02-2014 21h30";178.61;0;46.7;0;0;0;
"24-02-2014 21h45";175.6;0;52.4;0;0;0;
"24-02-2014 22h00";178.61;0;51.7;0;0;0;
"24-02-2014 22h15";169.58;0;46.8;0;0;0;
"24-02-2014 22h30";156.54;0;41.5;0;0;0;
"24-02-2014 22h45";148.52;0;40.7;0;0;0;
"24-02-2014 23h00";125.18;0;34.4;0;0;0;
"24-02-2014 23h15";103.16;0;27.2;0;0;0;
"24-02-2014 23h30";82.14;0;25.1;0;0;0;
"24-02-2014 23h45";81.14;0;23;0;0;0;
"24-02-2014 00h00";77.14;0;20.6;0;0;0;
"25-02-2014 00h15";79.14;0;19.8;0;0;0;
"25-02-2014 00h30";84.14;0;22.3;0;0;0;
"25-02-2014 00h45";78.14;0;24.7;0;0;0;
"25-02-2014 01h00";84.14;0;29.3;0;0;0;
"25-02-2014 01h15";87.14;0;23.6;0;0;0;
"25-02-2014 01h30";92.15;0;26.1;0;0;0;
"25-02-2014 01h45";91.15;0;24;0;0;0;
"25-02-2014 02h00";87.14;0;27.6;0;0;0;
"25-02-2014 02h15";86.14;0;26.5;0;0;0;
"25-02-2014 02h30";95.15;0;29.4;0;0;0;
"25-02-2014 02h45";103.16;0;31.2;0;0;0;
"25-02-2014 03h00";100.16;0;31.9;0;0;0;
"25-02-2014 03h15";91.15;0;23;0;0;0;
"25-02-2014 03h30";95.15;0;29.4;0;0;0;
"25-02-2014 03h45";102.16;0;30.1;0;0;0;
"25-02-2014 04h00";95.15;0;26.4;0;0;0;
"25-02-2014 04h15";96.15;0;26.5;0;0;0;
"25-02-2014 04h30";91.15;0;22;0;0;0;
"25-02-2014 04h45";100.16;0;28.9;0;0;0;
"25-02-2014 05h00";94.15;0;27.3;0;0;0;
"25-02-2014 05h15";90.15;0;22.9;0;0;0;
"25-02-2014 05h30";93.15;0;28.2;0;0;0;
"25-02-2014 05h45";100.16;0;28.9;0;0;0;
"25-02-2014 06h00";92.15;0;28.1;0;0;0;
"25-02-2014 06h15";92.15;0;23.1;0;0;0;
"25-02-2014 06h30";95.15;0;22.4;0;0;0;
"25-02-2014 06h45";117.17;0;30.6;0;0;0;
"25-02-2014 07h00";164.57;0;45.3;0;0;0;
"25-02-2014 07h15";195.66;0;55.4;0;0;0;
"25-02-2014 07h30";180.62;0;49.9;0;0;0;
"25-02-2014 07h45";183.62;0;50.2;0;0;0;
"25-02-2014 08h00";154.54;0;40.3;0;0;0;
"25-02-2014 08h15";153.53;0;42.2;0;0;0;
"25-02-2014 08h30";174.6;0;46.3;0;0;0;
"25-02-2014 08h45";163.56;0;50.2;0;0;0;
"25-02-2014 09h00";167.58;0;45.6;0;0;0;
"25-02-2014 09h15";170.59;0;48.9;0;0;0;
"25-02-2014 09h30";167.58;0;46.6;0;0;0;
"25-02-2014 09h45";179.61;0;45.8;0;0;0;
"25-02-2014 10h00";182.62;0;52.1;0;0;0;
"25-02-2014 10h15";175.6;0;48.4;0;0;0;
"25-02-2014 10h30";169.58;0;47.8;0;0;0;
"25-02-2014 10h45";161.56;0;45;0;0;0;
"25-02-2014 11h00";166.57;0;46.5;0;0;0;
"25-02-2014 11h15";177.61;0;48.6;0;0;0;
"25-02-2014 11h30";169.58;0;49.8;0;0;0;
"25-02-2014 11h45";175.6;0;48.4;0;0;0;
"25-02-2014 12h00";194.66;0;55.3;0;0;0;
"25-02-2014 12h15";190.65;0;50.9;0;0;0;
"25-02-2014 12h30";206.69;0;58.5;0;0;0;
"25-02-2014 12h45";200.68;0;57.9;0;0;0;
"25-02-2014 13h00";189.64;0;52.8;0;0;0;
"25-02-2014 13h15";183.62;0;52.2;0;0;0;
"25-02-2014 13h30";187.64;0;49.6;0;0;0;
"25-02-2014 13h45";182.62;0;52.1;0;0;0;
"25-02-2014 14h00";167.58;0;47.6;0;0;0;
"25-02-2014 14h15";164.57;0;46.3;0;0;0;
"25-02-2014 14h30";15.09;0;5.4;0;0;0;
"25-02-2014 14h45";174.6;0;51.3;0;0;0;
"25-02-2014 15h00";171.59;0;47;0;0;0;
"25-02-2014 15h15";168.58;0;47.7;0;0;0;
"25-02-2014 15h30";172.59;0;49.1;0;0;0;
"25-02-2014 15h45";178.61;0;50.7;0;0;0;
"25-02-2014 16h00";182.62;0;53.1;0;0;0;
"25-02-2014 16h15";178.61;0;50.7;0;0;0;
"25-02-2014 16h30";171.59;0;49;0;0;0;
"25-02-2014 16h45";178.61;0;51.7;0;0;0;
"25-02-2014 17h00";195.66;0;53.4;0;0;0;
"25-02-2014 17h15";193.65;0;53.2;0;0;0;
"25-02-2014 17h30";183.62;0;49.2;0;0;0;
"25-02-2014 17h45";184.63;0;51.3;0;0;0;
"25-02-2014 18h00";193.65;0;53.2;0;0;0;
"25-02-2014 18h15";184.63;0;46.3;0;0;0;
"25-02-2014 18h30";198.67;0;50.7;0;0;0;
"25-02-2014 18h45";195.66;0;55.4;0;0;0;
"25-02-2014 19h00";195.66;0;57.4;0;0;0;
"25-02-2014 19h15";195.66;0;53.4;0;0;0;
"25-02-2014 19h30";196.66;0;57.5;0;0;0;
"25-02-2014 19h45";196.66;0;58.5;0;0;0;
"25-02-2014 20h00";191.65;0;53;0;0;0;
"25-02-2014 20h15";192.65;0;54.1;0;0;0;
"25-02-2014 20h30";179.61;0;49.8;0;0;0;
"25-02-2014 20h45";184.63;0;48.3;0;0;0;
"25-02-2014 21h00";181.62;0;51;0;0;0;
"25-02-2014 21h15";185.63;0;50.4;0;0;0;
"25-02-2014 21h30";179.61;0;47.8;0;0;0;
"25-02-2014 21h45";179.61;0;44.8;0;0;0;
"25-02-2014 22h00";182.62;0;49.1;0;0;0;
"25-02-2014 22h15";168.58;0;42.7;0;0;0;
"25-02-2014 22h30";151.53;0;44;0;0;0;
"25-02-2014 22h45";140.5;0;38.9;0;0;0;
"25-02-2014 23h00";126.45;0;35.5;0;0;0;
"25-02-2014 23h15";96.15;0;24.5;0;0;0;
"25-02-2014 23h30";80.14;0;23.9;0;0;0;
"25-02-2014 23h45";86.14;0;23.5;0;0;0;
"25-02-2014 00h00";78.14;0;21.7;0;0;0;
"26-02-2014 00h15";73.13;0;20.2;0;0;0;
"26-02-2014 00h30";81.14;0;23;0;0;0;
"26-02-2014 00h45";79.14;0;27.8;0;0;0;
"26-02-2014 01h00";80.14;0;26.9;0;0;0;
"26-02-2014 01h15";92.15;0;27.1;0;0;0;
"26-02-2014 01h30";93.15;0;28.2;0;0;0;
"26-02-2014 01h45";95.15;0;29.4;0;0;0;
"26-02-2014 02h00";86.14;0;22.5;0;0;0;
"26-02-2014 02h15";95.15;0;29.4;0;0;0;
"26-02-2014 02h30";92.15;0;26.1;0;0;0;
"26-02-2014 02h45";107.16;0;28.6;0;0;0;
"26-02-2014 03h00";100.16;0;29.9;0;0;0;
"26-02-2014 03h15";100.16;0;26.9;0;0;0;
"26-02-2014 03h30";89.15;0;24.8;0;0;0;
"26-02-2014 03h45";96.15;0;26.5;0;0;0;
"26-02-2014 04h00";101.16;0;30;0;0;0;
"26-02-2014 04h15";92.15;0;26.1;0;0;0;
"26-02-2014 04h30";87.14;0;25.6;0;0;0;
"26-02-2014 04h45";92.15;0;26.1;0;0;0;
"26-02-2014 05h00";94.15;0;29.3;0;0;0;
"26-02-2014 05h15";91.15;0;26;0;0;0;
"26-02-2014 05h30";89.15;0;26.8;0;0;0;
"26-02-2014 05h45";94.15;0;26.3;0;0;0;
"26-02-2014 06h00";97.15;0;26.6;0;0;0;
"26-02-2014 06h15";89.15;0;20.8;0;0;0;
"26-02-2014 06h30";96.15;0;22.5;0;0;0;
"26-02-2014 06h45";116.17;0;30.5;0;0;0;
"26-02-2014 07h00";159.55;0;44.8;0;0;0;
"26-02-2014 07h15";178.61;0;51.7;0;0;0;
"26-02-2014 07h30";173.59;0;49.2;0;0;0;
"26-02-2014 07h45";169.58;0;47.8;0;0;0;
"26-02-2014 08h00";139.49;0;40.8;0;0;0;
"26-02-2014 08h15";146.51;0;42.5;0;0;0;
"26-02-2014 08h30";151.53;0;47;0;0;0;
"26-02-2014 08h45";190.65;0;50.9;0;0;0;
"26-02-2014 09h00";166.57;0;48.5;0;0;0;
"26-02-2014 09h15";169.58;0;50.8;0;0;0;
"26-02-2014 09h30";190.65;0;56.9;0;0;0;
"26-02-2014 09h45";220.74;0;61.9;0;0;0;
"26-02-2014 10h00";184.63;0;53.3;0;0;0;
"26-02-2014 10h15";174.6;0;52.3;0;0;0;
"26-02-2014 10h30";158.55;0;41.7;0;0;0;
"26-02-2014 10h45";170.59;0;45.9;0;0;0;
"26-02-2014 11h00";174.6;0;55.3;0;0;0;
"26-02-2014 11h15";171.59;0;43;0;0;0;
"26-02-2014 11h30";185.63;0;54.4;0;0;0;
"26-02-2014 11h45";178.61;0;50.7;0;0;0;
"26-02-2014 12h00";172.59;0;51.1;0;0;0;
"26-02-2014 12h15";169.58;0;44.8;0;0;0;
"26-02-2014 12h30";195.66;0;49.4;0;0;0;
"26-02-2014 12h45";198.67;0;52.7;0;0;0;
"26-02-2014 13h00";184.63;0;49.3;0;0;0;
"26-02-2014 13h15";189.64;0;53.8;0;0;0;
"26-02-2014 13h30";176.6;0;48.5;0;0;0;
"26-02-2014 13h45";173.59;0;48.2;0;0;0;
"26-02-2014 14h00";163.56;0;44.2;0;0;0;
"26-02-2014 14h15";164.57;0;45.3;0;0;0;
"26-02-2014 14h30";160.56;0;47.9;0;0;0;
"26-02-2014 14h45";179.61;0;52.8;0;0;0;
"26-02-2014 15h00";167.58;0;53.6;0;0;0;
"26-02-2014 15h15";170.59;0;46.9;0;0;0;
"26-02-2014 15h30";181.62;0;50;0;0;0;
"26-02-2014 15h45";175.6;0;47.4;0;0;0;
"26-02-2014 16h00";176.6;0;49.5;0;0;0;
"26-02-2014 16h15";169.58;0;48.8;0;0;0;
"26-02-2014 16h30";172.59;0;46.1;0;0;0;
"26-02-2014 16h45";180.62;0;52.9;0;0;0;
"26-02-2014 17h00";182.62;0;51.1;0;0;0;
"26-02-2014 17h15";176.6;0;47.5;0;0;0;
"26-02-2014 17h30";169.58;0;45.8;0;0;0;
"26-02-2014 17h45";193.65;0;54.2;0;0;0;
"26-02-2014 18h00";203.68;0;53.2;0;0;0;
"26-02-2014 18h15";186.63;0;42.5;0;0;0;
"26-02-2014 18h30";187.64;0;48.6;0;0;0;
"26-02-2014 18h45";195.66;0;55.4;0;0;0;
"26-02-2014 19h00";198.67;0;53.7;0;0;0;
"26-02-2014 19h15";200.68;0;54.9;0;0;0;
"26-02-2014 19h30";194.66;0;53.3;0;0;0;
"26-02-2014 19h45";187.64;0;49.6;0;0;0;
"26-02-2014 20h00";187.64;0;53.6;0;0;0;
"26-02-2014 20h15";193.65;0;50.2;0;0;0;
"26-02-2014 20h30";178.61;0;46.7;0;0;0;
"26-02-2014 20h45";184.63;0;53.3;0;0;0;
"26-02-2014 21h00";180.62;0;49.9;0;0;0;
"26-02-2014 21h15";185.63;0;52.4;0;0;0;
"26-02-2014 21h30";178.61;0;49.7;0;0;0;
"26-02-2014 21h45";180.62;0;52.9;0;0;0;
"26-02-2014 22h00";185.63;0;50.4;0;0;0;
"26-02-2014 22h15";169.58;0;44.8;0;0;0;
"26-02-2014 22h30";147.52;0;40.6;0;0;0;
"26-02-2014 22h45";133.47;0;34.2;0;0;0;
"26-02-2014 23h00";116.17;0;28.5;0;0;0;
"26-02-2014 23h15";102.16;0;28.1;0;0;0;
"26-02-2014 23h30";85.14;0;23.4;0;0;0;
"26-02-2014 23h45";86.14;0;24.5;0;0;0;
"26-02-2014 00h00";82.14;0;20.1;0;0;0;
"27-02-2014 00h15";80.14;0;22.9;0;0;0;
"27-02-2014 00h30";83.14;0;25.2;0;0;0;
"27-02-2014 00h45";81.14;0;26;0;0;0;
"27-02-2014 01h00";82.14;0;23.1;0;0;0;
"27-02-2014 01h15";95.15;0;24.4;0;0;0;
"27-02-2014 01h30";95.15;0;28.4;0;0;0;
"27-02-2014 01h45";94.15;0;27.3;0;0;0;
"27-02-2014 02h00";92.15;0;30.1;0;0;0;
"27-02-2014 02h15";96.15;0;27.5;0;0;0;
"27-02-2014 02h30";93.15;0;29.2;0;0;0;
"27-02-2014 02h45";106.16;0;34.5;0;0;0;
"27-02-2014 03h00";95.15;0;29.4;0;0;0;
"27-02-2014 03h15";93.15;0;25.2;0;0;0;
"27-02-2014 03h30";89.15;0;25.8;0;0;0;
"27-02-2014 03h45";103.16;0;30.2;0;0;0;
"27-02-2014 04h00";102.16;0;31.1;0;0;0;
"27-02-2014 04h15";97.15;0;24.6;0;0;0;
"27-02-2014 04h30";94.15;0;27.3;0;0;0;
"27-02-2014 04h45";96.15;0;28.5;0;0;0;
"27-02-2014 05h00";88.15;0;23.7;0;0;0;
"27-02-2014 05h15";88.15;0;23.7;0;0;0;
"27-02-2014 05h30";90.15;0;23.9;0;0;0;
"27-02-2014 05h45";96.15;0;29.5;0;0;0;
"27-02-2014 06h00";92.15;0;27.1;0;0;0;
"27-02-2014 06h15";91.15;0;22;0;0;0;
"27-02-2014 06h30";95.15;0;25.4;0;0;0;
"27-02-2014 06h45";109.16;0;26.8;0;0;0;
"27-02-2014 07h00";175.6;0;44.4;0;0;0;
"27-02-2014 07h15";200.68;0;53.9;0;0;0;
"27-02-2014 07h30";181.62;0;49;0;0;0;
"27-02-2014 07h45";177.61;0;47.6;0;0;0;
"27-02-2014 08h00";145.51;0;40.4;0;0;0;
"27-02-2014 08h15";159.55;0;48.8;0;0;0;
"27-02-2014 08h30";155.54;0;41.4;0;0;0;
"27-02-2014 08h45";169.58;0;47.8;0;0;0;
"27-02-2014 09h00";178.61;0;51.7;0;0;0;
"27-02-2014 09h15";178.61;0;51.7;0;0;0;
"27-02-2014 09h30";174.6;0;48.3;0;0;0;
"27-02-2014 09h45";186.63;0;52.5;0;0;0;
"27-02-2014 10h00";177.61;0;49.6;0;0;0;
"27-02-2014 10h15";184.63;0;53.3;0;0;0;
"27-02-2014 10h30";176.6;0;46.5;0;0;0;
"27-02-2014 10h45";176.6;0;48.5;0;0;0;
"27-02-2014 11h00";171.59;0;48;0;0;0;
"27-02-2014 11h15";171.59;0;47;0;0;0;
"27-02-2014 11h30";176.6;0;48.5;0;0;0;
"27-02-2014 11h45";184.63;0;51.3;0;0;0;
"27-02-2014 12h00";178.61;0;49.7;0;0;0;
"27-02-2014 12h15";183.62;0;50.2;0;0;0;
"27-02-2014 12h30";191.65;0;50;0;0;0;
"27-02-2014 12h45";183.62;0;49.2;0;0;0;
"27-02-2014 13h00";175.6;0;46.4;0;0;0;
"27-02-2014 13h15";178.61;0;49.7;0;0;0;
"27-02-2014 13h30";181.62;0;50;0;0;0;
"27-02-2014 13h45";172.59;0;48.1;0;0;0;
"27-02-2014 14h00";179.61;0;49.8;0;0;0;
"27-02-2014 14h15";169.58;0;45.8;0;0;0;
"27-02-2014 14h30";167.58;0;48.6;0;0;0;
"27-02-2014 14h45";183.62;0;51.2;0;0;0;
"27-02-2014 15h00";177.61;0;51.6;0;0;0;
"27-02-2014 15h15";166.57;0;47.5;0;0;0;
"27-02-2014 15h30";173.59;0;43.2;0;0;0;
"27-02-2014 15h45";185.63;0;54.4;0;0;0;
"27-02-2014 16h00";182.62;0;54.1;0;0;0;
"27-02-2014 16h15";176.6;0;50.5;0;0;0;
"27-02-2014 16h30";166.57;0;48.5;0;0;0;
"27-02-2014 16h45";177.61;0;47.6;0;0;0;
"27-02-2014 17h00";183.62;0;53.2;0;0;0;
"27-02-2014 17h15";189.64;0;48.8;0;0;0;
"27-02-2014 17h30";184.63;0;51.3;0;0;0;
"27-02-2014 17h45";181.62;0;50;0;0;0;
"27-02-2014 18h00";189.64;0;54.8;0;0;0;
"27-02-2014 18h15";186.63;0;43.5;0;0;0;
"27-02-2014 18h30";207.7;0;55.6;0;0;0;
"27-02-2014 18h45";209.7;0;54.8;0;0;0;
"27-02-2014 19h00";204.69;0;56.3;0;0;0;
"27-02-2014 19h15";194.66;0;54.3;0;0;0;
"27-02-2014 19h30";191.65;0;52;0;0;0;
"27-02-2014 19h45";203.68;0;51.2;0;0;0;
"27-02-2014 20h00";195.66;0;54.4;0;0;0;
"27-02-2014 20h15";195.66;0;53.4;0;0;0;
"27-02-2014 20h30";190.65;0;50.9;0;0;0;
"27-02-2014 20h45";180.62;0;47.9;0;0;0;
"27-02-2014 21h00";179.61;0;51.8;0;0;0;
"27-02-2014 21h15";182.62;0;50.1;0;0;0;
"27-02-2014 21h30";177.61;0;49.6;0;0;0;
"27-02-2014 21h45";179.61;0;48.8;0;0;0;
"27-02-2014 22h00";186.63;0;53.5;0;0;0;
"27-02-2014 22h15";168.58;0;45.7;0;0;0;
"27-02-2014 22h30";144.51;0;40.3;0;0;0;
"27-02-2014 22h45";136.48;0;35.5;0;0;0;
"27-02-2014 23h00";128.46;0;33.7;0;0;0;
"27-02-2014 23h15";105.16;0;31.4;0;0;0;
"27-02-2014 23h30";105.16;0;29.4;0;0;0;
"27-02-2014 23h45";95.15;0;27.4;0;0;0;
"27-02-2014 00h00";89.15;0;23.8;0;0;0;
"28-02-2014 00h15";89.15;0;25.8;0;0;0;
"28-02-2014 00h30";96.15;0;29.5;0;0;0;
"28-02-2014 00h45";90.15;0;25.9;0;0;0;
"28-02-2014 01h00";94.15;0;27.3;0;0;0;
"28-02-2014 01h15";104.16;0;28.3;0;0;0;
"28-02-2014 01h30";99.15;0;25.8;0;0;0;
"28-02-2014 01h45";100.16;0;32.9;0;0;0;
"28-02-2014 02h00";101.16;0;28;0;0;0;
"28-02-2014 02h15";102.16;0;30.1;0;0;0;
"28-02-2014 02h30";101.16;0;27;0;0;0;
"28-02-2014 02h45";106.16;0;28.5;0;0;0;
"28-02-2014 03h00";101.16;0;29;0;0;0;
"28-02-2014 03h15";101.16;0;27;0;0;0;
"28-02-2014 03h30";101.16;0;29;0;0;0;
"28-02-2014 03h45";108.16;0;30.7;0;0;0;
"28-02-2014 04h00";106.16;0;28.5;0;0;0;
"28-02-2014 04h15";98.15;0;29.7;0;0;0;
"28-02-2014 04h30";99.15;0;29.8;0;0;0;
"28-02-2014 04h45";106.16;0;28.5;0;0;0;
"28-02-2014 05h00";98.15;0;31.7;0;0;0;
"28-02-2014 05h15";97.15;0;25.6;0;0;0;
"28-02-2014 05h30";102.16;0;28.1;0;0;0;
"28-02-2014 05h45";109.16;0;30.8;0;0;0;
"28-02-2014 06h00";96.15;0;22.5;0;0;0;
"28-02-2014 06h15";93.15;0;26.2;0;0;0;
"28-02-2014 06h30";102.16;0;25.1;0;0;0;
"28-02-2014 06h45";111.16;0;28;0;0;0;
"28-02-2014 07h00";172.59;0;46.1;0;0;0;
"28-02-2014 07h15";190.65;0;52.9;0;0;0;
"28-02-2014 07h30";181.62;0;51;0;0;0;
"28-02-2014 07h45";161.56;0;42;0;0;0;
"28-02-2014 08h00";170.59;0;47.9;0;0;0;
"28-02-2014 08h15";139.49;0;34.8;0;0;0;
"28-02-2014 08h30";157.55;0;43.6;0;0;0;
"28-02-2014 08h45";156.54;0;47.5;0;0;0;
"28-02-2014 09h00";171.59;0;49;0;0;0;
"28-02-2014 09h15";175.6;0;46.4;0;0;0;
"28-02-2014 09h30";173.59;0;45.2;0;0;0;
"28-02-2014 09h45";188.64;0;50.7;0;0;0;
"28-02-2014 10h00";188.64;0;50.7;0;0;0;
"28-02-2014 10h15";190.65;0;53.9;0;0;0;
"28-02-2014 10h30";182.62;0;52.1;0;0;0;
"28-02-2014 10h45";175.6;0;50.4;0;0;0;
"28-02-2014 11h00";187.64;0;51.6;0;0;0;
"28-02-2014 11h15";175.6;0;49.4;0;0;0;
"28-02-2014 11h30";177.61;0;46.6;0;0;0;
"28-02-2014 11h45";179.61;0;50.8;0;0;0;
"28-02-2014 12h00";188.64;0;53.7;0;0;0;
"28-02-2014 12h15";178.61;0;45.7;0;0;0;
"28-02-2014 12h30";191.65;0;52;0;0;0;
"28-02-2014 12h45";175.6;0;48.4;0;0;0;
"28-02-2014 13h00";167.58;0;44.6;0;0;0;
"28-02-2014 13h15";174.6;0;47.3;0;0;0;
"28-02-2014 13h30";182.62;0;51.1;0;0;0;
"28-02-2014 13h45";171.59;0;48;0;0;0;
"28-02-2014 14h00";169.58;0;48.8;0;0;0;
"28-02-2014 14h15";164.57;0;43.3;0;0;0;
"28-02-2014 14h30";169.58;0;47.8;0;0;0;
"28-02-2014 14h45";174.6;0;52.3;0;0;0;
"28-02-2014 15h00";176.6;0;50.5;0;0;0;
"28-02-2014 15h15";176.6;0;48.5;0;0;0;
"28-02-2014 15h30";167.58;0;47.6;0;0;0;
"28-02-2014 15h45";183.62;0;52.2;0;0;0;
"28-02-2014 16h00";181.62;0;51;0;0;0;
"28-02-2014 16h15";169.58;0;47.8;0;0;0;
"28-02-2014 16h30";180.62;0;51.9;0;0;0;
"28-02-2014 16h45";194.66;0;53.3;0;0;0;
"28-02-2014 17h00";185.63;0;53.4;0;0;0;
"28-02-2014 17h15";182.62;0;51.1;0;0;0;
"28-02-2014 17h30";178.61;0;46.7;0;0;0;
"28-02-2014 17h45";178.61;0;49.7;0;0;0;
"28-02-2014 18h00";170.59;0;46.9;0;0;0;
"28-02-2014 18h15";166.57;0;46.5;0;0;0;
"28-02-2014 18h30";201.68;0;51;0;0;0;
"28-02-2014 18h45";210.71;0;55.9;0;0;0;
"28-02-2014 19h00";197.67;0;52.6;0;0;0;
"28-02-2014 19h15";196.66;0;56.5;0;0;0;
"28-02-2014 19h30";201.68;0;58;0;0;0;
"28-02-2014 19h45";199.67;0;51.8;0;0;0;
"28-02-2014 20h00";200.68;0;56.9;0;0;0;
"28-02-2014 20h15";204.69;0;58.3;0;0;0;
"28-02-2014 20h30";197.67;0;55.6;0;0;0;
"28-02-2014 20h45";202.68;0;58.1;0;0;0;
"28-02-2014 21h00";187.64;0;48.6;0;0;0;
"28-02-2014 21h15";181.62;0;49;0;0;0;
"28-02-2014 21h30";184.63;0;51.3;0;0;0;
"28-02-2014 21h45";180.62;0;47.9;0;0;0;
"28-02-2014 22h00";181.62;0;52;0;0;0;
"28-02-2014 22h15";172.59;0;47.1;0;0;0;
"28-02-2014 22h30";137.49;0;38.6;0;0;0;
"28-02-2014 22h45";134.48;0;38.3;0;0;0;
"28-02-2014 23h00";125.18;0;36.4;0;0;0;
"28-02-2014 23h15";99.15;0;26.8;0;0;0;
"28-02-2014 23h30";91.15;0;25;0;0;0;
"28-02-2014 23h45";86.14;0;18.5;0;0;0;
"28-02-2014 00h00";86.14;0;20.5;0;0;0;
"01-03-2014 00h15";81.14;0;19;0;0;0;
"01-03-2014 00h30";84.14;0;22.3;0;0;0;
"01-03-2014 00h45";82.14;0;24.1;0;0;0;
"01-03-2014 01h00";85.14;0;20.4;0;0;0;
"01-03-2014 01h15";96.15;0;29.5;0;0;0;
"01-03-2014 01h30";89.15;0;24.8;0;0;0;
"01-03-2014 01h45";95.15;0;26.4;0;0;0;
"01-03-2014 02h00";92.15;0;28.1;0;0;0;
"01-03-2014 02h15";93.15;0;27.2;0;0;0;
"01-03-2014 02h30";93.15;0;25.2;0;0;0;
"01-03-2014 02h45";104.16;0;28.3;0;0;0;
"01-03-2014 03h00";102.16;0;32.1;0;0;0;
"01-03-2014 03h15";94.15;0;30.3;0;0;0;
"01-03-2014 03h30";97.15;0;29.6;0;0;0;
"01-03-2014 03h45";106.16;0;32.5;0;0;0;
"01-03-2014 04h00";103.16;0;29.2;0;0;0;
"01-03-2014 04h15";96.15;0;26.5;0;0;0;
"01-03-2014 04h30";91.15;0;28;0;0;0;
"01-03-2014 04h45";102.16;0;31.1;0;0;0;
"01-03-2014 05h00";95.15;0;30.4;0;0;0;
"01-03-2014 05h15";96.15;0;28.5;0;0;0;
"01-03-2014 05h30";95.15;0;26.4;0;0;0;
"01-03-2014 05h45";106.16;0;31.5;0;0;0;
"01-03-2014 06h00";97.15;0;27.6;0;0;0;
"01-03-2014 06h15";95.15;0;26.4;0;0;0;
"01-03-2014 06h30";106.16;0;28.5;0;0;0;
"01-03-2014 06h45";112.16;0;31.1;0;0;0;
"01-03-2014 07h00";167.58;0;41.6;0;0;0;
"01-03-2014 07h15";215.72;0;55.4;0;0;0;
"01-03-2014 07h30";179.61;0;50.8;0;0;0;
"01-03-2014 07h45";186.63;0;50.5;0;0;0;
"01-03-2014 08h00";178.61;0;42.7;0;0;0;
"01-03-2014 08h15";175.6;0;46.4;0;0;0;
"01-03-2014 08h30";165.57;0;49.4;0;0;0;
"01-03-2014 08h45";185.63;0;52.4;0;0;0;
"01-03-2014 09h00";187.64;0;53.6;0;0;0;
"01-03-2014 09h15";186.63;0;53.5;0;0;0;
"01-03-2014 09h30";183.62;0;51.2;0;0;0;
"01-03-2014 09h45";199.67;0;54.8;0;0;0;
"01-03-2014 10h00";200.68;0;52.9;0;0;0;
"01-03-2014 10h15";199.67;0;57.8;0;0;0;
"01-03-2014 10h30";194.66;0;56.3;0;0;0;
"01-03-2014 10h45";190.65;0;53.9;0;0;0;
"01-03-2014 11h00";189.64;0;50.8;0;0;0;
"01-03-2014 11h15";181.62;0;51;0;0;0;
"01-03-2014 11h30";193.65;0;55.2;0;0;0;
"01-03-2014 11h45";188.64;0;51.7;0;0;0;
"01-03-2014 12h00";182.62;0;51.1;0;0;0;
"01-03-2014 12h15";186.63;0;51.5;0;0;0;
"01-03-2014 12h30";199.67;0;53.8;0;0;0;
"01-03-2014 12h45";198.67;0;56.7;0;0;0;
"01-03-2014 13h00";210.71;0;58.9;0;0;0;
"01-03-2014 13h15";210.71;0;55.9;0;0;0;
"01-03-2014 13h30";192.65;0;55.1;0;0;0;
"01-03-2014 13h45";184.63;0;52.3;0;0;0;
"01-03-2014 14h00";190.65;0;52.9;0;0;0;
"01-03-2014 14h15";187.64;0;49.6;0;0;0;
"01-03-2014 14h30";185.63;0;52.4;0;0;0;
"01-03-2014 14h45";192.65;0;56.1;0;0;0;
"01-03-2014 15h00";180.62;0;50.9;0;0;0;
"01-03-2014 15h15";175.6;0;50.4;0;0;0;
"01-03-2014 15h30";178.61;0;53.7;0;0;0;
"01-03-2014 15h45";188.64;0;55.7;0;0;0;
"01-03-2014 16h00";182.62;0;53.1;0;0;0;
"01-03-2014 16h15";180.62;0;50.9;0;0;0;
"01-03-2014 16h30";178.61;0;54.7;0;0;0;
"01-03-2014 16h45";197.67;0;50.6;0;0;0;
"01-03-2014 17h00";200.68;0;58.9;0;0;0;
"01-03-2014 17h15";201.68;0;59;0;0;0;
"01-03-2014 17h30";195.66;0;54.4;0;0;0;
"01-03-2014 17h45";199.67;0;54.8;0;0;0;
"01-03-2014 18h00";199.67;0;54.8;0;0;0;
"01-03-2014 18h15";205.69;0;58.4;0;0;0;
"01-03-2014 18h30";213.71;0;57.2;0;0;0;
"01-03-2014 18h45";207.7;0;54.6;0;0;0;
"01-03-2014 19h00";198.67;0;51.7;0;0;0;
"01-03-2014 19h15";197.67;0;53.6;0;0;0;
"01-03-2014 19h30";192.65;0;53.1;0;0;0;
"01-03-2014 19h45";194.66;0;50.3;0;0;0;
"01-03-2014 20h00";196.66;0;52.5;0;0;0;
"01-03-2014 20h15";201.68;0;53;0;0;0;
"01-03-2014 20h30";188.64;0;53.7;0;0;0;
"01-03-2014 20h45";194.66;0;49.3;0;0;0;
"01-03-2014 21h00";202.68;0;53.1;0;0;0;
"01-03-2014 21h15";195.66;0;55.4;0;0;0;
"01-03-2014 21h30";183.62;0;49.2;0;0;0;
"01-03-2014 21h45";180.62;0;48.9;0;0;0;
"01-03-2014 22h00";177.61;0;45.6;0;0;0;
"01-03-2014 22h15";164.57;0;44.3;0;0;0;
"01-03-2014 22h30";149.52;0;41.8;0;0;0;
"01-03-2014 22h45";138.49;0;35.7;0;0;0;
"01-03-2014 23h00";127.46;0;34.6;0;0;0;
"01-03-2014 23h15";110.16;0;30.9;0;0;0;
"01-03-2014 23h30";87.14;0;20.6;0;0;0;
"01-03-2014 23h45";91.15;0;28;0;0;0;
"01-03-2014 00h00";88.15;0;23.7;0;0;0;
"02-03-2014 00h15";81.14;0;20;0;0;0;
"02-03-2014 00h30";89.15;0;25.8;0;0;0;
"02-03-2014 00h45";87.14;0;20.6;0;0;0;
"02-03-2014 01h00";83.14;0;22.2;0;0;0;
"02-03-2014 01h15";103.16;0;29.2;0;0;0;
"02-03-2014 01h30";98.15;0;31.7;0;0;0;
"02-03-2014 01h45";97.15;0;29.6;0;0;0;
"02-03-2014 02h00";91.15;0;27;0;0;0;
"02-03-2014 02h15";95.15;0;31.4;0;0;0;
"02-03-2014 02h30";91.15;0;28;0;0;0;
"02-03-2014 02h45";108.16;0;32.7;0;0;0;
"02-03-2014 03h00";97.15;0;28.6;0;0;0;
"02-03-2014 03h15";93.15;0;25.2;0;0;0;
"02-03-2014 03h30";93.15;0;25.2;0;0;0;
"02-03-2014 03h45";103.16;0;30.2;0;0;0;
"02-03-2014 04h00";98.15;0;25.7;0;0;0;
"02-03-2014 04h15";97.15;0;26.6;0;0;0;
"02-03-2014 04h30";90.15;0;24.9;0;0;0;
"02-03-2014 04h45";104.16;0;31.3;0;0;0;
"02-03-2014 05h00";98.15;0;29.7;0;0;0;
"02-03-2014 05h15";94.15;0;26.3;0;0;0;
"02-03-2014 05h30";94.15;0;27.3;0;0;0;
"02-03-2014 05h45";105.16;0;27.4;0;0;0;
"02-03-2014 06h00";100.16;0;30.9;0;0;0;
"02-03-2014 06h15";90.15;0;24.9;0;0;0;
"02-03-2014 06h30";106.16;0;30.5;0;0;0;
"02-03-2014 06h45";114.17;0;30.3;0;0;0;
"02-03-2014 07h00";181.62;0;47;0;0;0;
"02-03-2014 07h15";198.67;0;54.7;0;0;0;
"02-03-2014 07h30";185.63;0;50.4;0;0;0;
"02-03-2014 07h45";186.63;0;51.5;0;0;0;
"02-03-2014 08h00";182.62;0;47.1;0;0;0;
"02-03-2014 08h15";181.62;0;49;0;0;0;
"02-03-2014 08h30";171.59;0;51;0;0;0;
"02-03-2014 08h45";185.63;0;53.4;0;0;0;
"02-03-2014 09h00";182.62;0;52.1;0;0;0;
"02-03-2014 09h15";181.62;0;50;0;0;0;
"02-03-2014 09h30";191.65;0;55;0;0;0;
"02-03-2014 09h45";216.72;0;60.5;0;0;0;
"02-03-2014 10h00";203.68;0;55.2;0;0;0;
"02-03-2014 10h15";192.65;0;53.1;0;0;0;
"02-03-2014 10h30";179.61;0;49.8;0;0;0;
"02-03-2014 10h45";192.65;0;52.1;0;0;0;
"02-03-2014 11h00";192.65;0;57.1;0;0;0;
"02-03-2014 11h15";182.62;0;50.1;0;0;0;
"02-03-2014 11h30";192.65;0;54.1;0;0;0;
"02-03-2014 11h45";189.64;0;53.8;0;0;0;
"02-03-2014 12h00";195.66;0;54.4;0;0;0;
"02-03-2014 12h15";183.62;0;49.2;0;0;0;
"02-03-2014 12h30";199.67;0;54.8;0;0;0;
"02-03-2014 12h45";185.63;0;51.4;0;0;0;
"02-03-2014 13h00";179.61;0;50.8;0;0;0;
"02-03-2014 13h15";172.59;0;45.1;0;0;0;
"02-03-2014 13h30";179.61;0;47.8;0;0;0;
"02-03-2014 13h45";186.63;0;50.5;0;0;0;
"02-03-2014 14h00";182.62;0;52.1;0;0;0;
"02-03-2014 14h15";170.59;0;47.9;0;0;0;
"02-03-2014 14h30";172.59;0;49.1;0;0;0;
"02-03-2014 14h45";188.64;0;50.7;0;0;0;
"02-03-2014 15h00";183.62;0;51.2;0;0;0;
"02-03-2014 15h15";179.61;0;49.8;0;0;0;
"02-03-2014 15h30";197.67;0;56.6;0;0;0;
"02-03-2014 15h45";205.69;0;58.4;0;0;0;
"02-03-2014 16h00";201.68;0;55;0;0;0;
"02-03-2014 16h15";185.63;0;54.4;0;0;0;
"02-03-2014 16h30";173.59;0;49.2;0;0;0;
"02-03-2014 16h45";189.64;0;50.8;0;0;0;
"02-03-2014 17h00";185.63;0;51.4;0;0;0;
"02-03-2014 17h15";188.64;0;51.7;0;0;0;
"02-03-2014 17h30";180.62;0;46.9;0;0;0;
"02-03-2014 17h45";176.6;0;48.5;0;0;0;
"02-03-2014 18h00";173.59;0;46.2;0;0;0;
"02-03-2014 18h15";173.59;0;44.2;0;0;0;
"02-03-2014 18h30";192.65;0;52.1;0;0;0;
"02-03-2014 18h45";202.68;0;52.1;0;0;0;
"02-03-2014 19h00";201.68;0;52;0;0;0;
"02-03-2014 19h15";203.68;0;50.2;0;0;0;
"02-03-2014 19h30";192.65;0;56.1;0;0;0;
"02-03-2014 19h45";190.65;0;52.9;0;0;0;
"02-03-2014 20h00";186.63;0;47.5;0;0;0;
"02-03-2014 20h15";190.65;0;50.9;0;0;0;
"02-03-2014 20h30";187.64;0;51.6;0;0;0;
"02-03-2014 20h45";188.64;0;47.7;0;0;0;
"02-03-2014 21h00";185.63;0;50.4;0;0;0;
"02-03-2014 21h15";193.65;0;51.2;0;0;0;
"02-03-2014 21h30";183.62;0;48.2;0;0;0;
"02-03-2014 21h45";186.63;0;49.5;0;0;0;
"02-03-2014 22h00";180.62;0;47.9;0;0;0;
"02-03-2014 22h15";159.55;0;40.8;0;0;0;
"02-03-2014 22h30";151.53;0;38;0;0;0;
"02-03-2014 22h45";134.48;0;37.3;0;0;0;
"02-03-2014 23h00";121.17;0;31;0;0;0;
"02-03-2014 23h15";108.16;0;27.7;0;0;0;
"02-03-2014 23h30";88.15;0;20.7;0;0;0;
"02-03-2014 23h45";87.14;0;25.6;0;0;0;
"02-03-2014 00h00";82.14;0;21.1;0;0;0;
"03-03-2014 00h15";83.14;0;21.2;0;0;0;
"03-03-2014 00h30";88.15;0;25.7;0;0;0;
"03-03-2014 00h45";84.14;0;21.3;0;0;0;
"03-03-2014 01h00";79.14;0;19.8;0;0;0;
"03-03-2014 01h15";87.14;0;21.6;0;0;0;
"03-03-2014 01h30";85.14;0;25.4;0;0;0;
"03-03-2014 01h45";88.15;0;22.7;0;0;0;
"03-03-2014 02h00";82.14;0;21.1;0;0;0;
"03-03-2014 02h15";83.14;0;23.2;0;0;0;
"03-03-2014 02h30";80.14;0;24.9;0;0;0;
"03-03-2014 02h45";98.15;0;28.7;0;0;0;
"03-03-2014 03h00";92.15;0;23.1;0;0;0;
"03-03-2014 03h15";86.14;0;21.5;0;0;0;
"03-03-2014 03h30";82.14;0;18.1;0;0;0;
"03-03-2014 03h45";90.15;0;20.9;0;0;0;
"03-03-2014 04h00";83.14;0;23.2;0;0;0;
"03-03-2014 04h15";84.14;0;22.3;0;0;0;
"03-03-2014 04h30";81.14;0;23;0;0;0;
"03-03-2014 04h45";90.15;0;22.9;0;0;0;
"03-03-2014 05h00";86.14;0;20.5;0;0;0;
"03-03-2014 05h15";82.14;0;19.1;0;0;0;
"03-03-2014 05h30";78.14;0;21.7;0;0;0;
"03-03-2014 05h45";92.15;0;23.1;0;0;0;
"03-03-2014 06h00";85.14;0;21.4;0;0;0;
"03-03-2014 06h15";79.14;0;23.8;0;0;0;
"03-03-2014 06h30";92.15;0;25.1;0;0;0;
"03-03-2014 06h45";98.15;0;27.7;0;0;0;
"03-03-2014 07h00";169.58;0;42.8;0;0;0;
"03-03-2014 07h15";187.64;0;49.6;0;0;0;
"03-03-2014 07h30";161.56;0;42;0;0;0;
"03-03-2014 07h45";158.55;0;44.7;0;0;0;
"03-03-2014 08h00";152.53;0;41.1;0;0;0;
"03-03-2014 08h15";150.53;0;42.9;0;0;0;
"03-03-2014 08h30";159.55;0;45.8;0;0;0;
"03-03-2014 08h45";187.64;0;53.6;0;0;0;
"03-03-2014 09h00";176.6;0;49.5;0;0;0;
"03-03-2014 09h15";179.61;0;49.8;0;0;0;
"03-03-2014 09h30";175.6;0;47.4;0;0;0;
"03-03-2014 09h45";197.67;0;54.6;0;0;0;
"03-03-2014 10h00";188.64;0;51.7;0;0;0;
"03-03-2014 10h15";175.6;0;49.4;0;0;0;
"03-03-2014 10h30";175.6;0;50.4;0;0;0;
"03-03-2014 10h45";181.62;0;50;0;0;0;
"03-03-2014 11h00";168.58;0;47.7;0;0;0;
"03-03-2014 11h15";171.59;0;50;0;0;0;
"03-03-2014 11h30";177.61;0;48.6;0;0;0;
"03-03-2014 11h45";185.63;0;51.4;0;0;0;
"03-03-2014 12h00";188.64;0;51.7;0;0;0;
"03-03-2014 12h15";180.62;0;49.9;0;0;0;
"03-03-2014 12h30";185.63;0;53.4;0;0;0;
"03-03-2014 12h45";189.64;0;52.8;0;0;0;
"03-03-2014 13h00";180.62;0;47.9;0;0;0;
"03-03-2014 13h15";169.58;0;46.8;0;0;0;
"03-03-2014 13h30";171.59;0;48;0;0;0;
"03-03-2014 13h45";179.61;0;48.8;0;0;0;
"03-03-2014 14h00";162.56;0;45.1;0;0;0;
"03-03-2014 14h15";157.55;0;43.6;0;0;0;
"03-03-2014 14h30";149.52;0;41.8;0;0;0;
"03-03-2014 14h45";176.6;0;52.5;0;0;0;
"03-03-2014 15h00";165.57;0;49.4;0;0;0;
"03-03-2014 15h15";165.57;0;46.4;0;0;0;
"03-03-2014 15h30";164.57;0;47.3;0;0;0;
"03-03-2014 15h45";176.6;0;47.5;0;0;0;
"03-03-2014 16h00";165.57;0;47.4;0;0;0;
"03-03-2014 16h15";199.67;0;54.8;0;0;0;
"03-03-2014 16h30";197.67;0;53.6;0;0;0;
"03-03-2014 16h45";187.64;0;52.6;0;0;0;
"03-03-2014 17h00";178.61;0;43.7;0;0;0;
"03-03-2014 17h15";176.6;0;47.5;0;0;0;
"03-03-2014 17h30";178.61;0;47.7;0;0;0;
"03-03-2014 17h45";180.62;0;47.9;0;0;0;
"03-03-2014 18h00";179.61;0;50.8;0;0;0;
"03-03-2014 18h15";175.6;0;46.4;0;0;0;
"03-03-2014 18h30";184.63;0;50.3;0;0;0;
"03-03-2014 18h45";195.66;0;54.4;0;0;0;
"03-03-2014 19h00";200.68;0;56.9;0;0;0;
"03-03-2014 19h15";208.7;0;58.7;0;0;0;
"03-03-2014 19h30";200.68;0;55.9;0;0;0;
"03-03-2014 19h45";203.68;0;58.2;0;0;0;
"03-03-2014 20h00";197.67;0;55.6;0;0;0;
"03-03-2014 20h15";195.66;0;55.4;0;0;0;
"03-03-2014 20h30";189.64;0;51.8;0;0;0;
"03-03-2014 20h45";186.63;0;52.5;0;0;0;
"03-03-2014 21h00";184.63;0;49.3;0;0;0;
"03-03-2014 21h15";190.65;0;50.9;0;0;0;
"03-03-2014 21h30";184.63;0;50.3;0;0;0;
"03-03-2014 21h45";181.62;0;48;0;0;0;
"03-03-2014 22h00";186.63;0;50.5;0;0;0;
"03-03-2014 22h15";171.59;0;47;0;0;0;
"03-03-2014 22h30";155.54;0;43.4;0;0;0;
"03-03-2014 22h45";129.46;0;32.8;0;0;0;
"03-03-2014 23h00";118.17;0;30.7;0;0;0;
"03-03-2014 23h15";98.15;0;28.7;0;0;0;
"03-03-2014 23h30";87.14;0;20.6;0;0;0;
"03-03-2014 23h45";85.14;0;21.4;0;0;0;
"03-03-2014 00h00";86.14;0;25.5;0;0;0;
"04-03-2014 00h15";81.14;0;23;0;0;0;
"04-03-2014 00h30";87.14;0;26.6;0;0;0;
"04-03-2014 00h45";84.14;0;23.3;0;0;0;
"04-03-2014 01h00";84.14;0;21.3;0;0;0;
"04-03-2014 01h15";101.16;0;31;0;0;0;
"04-03-2014 01h30";101.16;0;30;0;0;0;
"04-03-2014 01h45";96.15;0;28.5;0;0;0;
"04-03-2014 02h00";98.15;0;28.7;0;0;0;
"04-03-2014 02h15";98.15;0;32.7;0;0;0;
"04-03-2014 02h30";95.15;0;28.4;0;0;0;
"04-03-2014 02h45";107.16;0;32.6;0;0;0;
"04-03-2014 03h00";99.15;0;31.8;0;0;0;
"04-03-2014 03h15";97.15;0;30.6;0;0;0;
"04-03-2014 03h30";93.15;0;28.2;0;0;0;
"04-03-2014 03h45";106.16;0;32.5;0;0;0;
"04-03-2014 04h00";100.16;0;29.9;0;0;0;
"04-03-2014 04h15";101.16;0;32;0;0;0;
"04-03-2014 04h30";100.16;0;28.9;0;0;0;
"04-03-2014 04h45";107.16;0;31.6;0;0;0;
"04-03-2014 05h00";106.16;0;29.5;0;0;0;
"04-03-2014 05h15";98.15;0;27.7;0;0;0;
"04-03-2014 05h30";94.15;0;24.3;0;0;0;
"04-03-2014 05h45";110.16;0;31.9;0;0;0;
"04-03-2014 06h00";99.15;0;28.8;0;0;0;
"04-03-2014 06h15";94.15;0;26.3;0;0;0;
"04-03-2014 06h30";105.16;0;31.4;0;0;0;
"04-03-2014 06h45";111.16;0;28;0;0;0;
"04-03-2014 07h00";149.52;0;38.8;0;0;0;
"04-03-2014 07h15";189.64;0;44.8;0;0;0;
"04-03-2014 07h30";201.68;0;55;0;0;0;
"04-03-2014 07h45";170.59;0;48.9;0;0;0;
"04-03-2014 08h00";167.58;0;45.6;0;0;0;
"04-03-2014 08h15";153.53;0;42.2;0;0;0;
"04-03-2014 08h30";156.54;0;39.5;0;0;0;
"04-03-2014 08h45";161.56;0;42;0;0;0;
"04-03-2014 09h00";167.58;0;46.6;0;0;0;
"04-03-2014 09h15";169.58;0;48.8;0;0;0;
"04-03-2014 09h30";169.58;0;46.8;0;0;0;
"04-03-2014 09h45";193.65;0;51.2;0;0;0;
"04-03-2014 10h00";178.61;0;53.7;0;0;0;
"04-03-2014 10h15";164.57;0;48.3;0;0;0;
"04-03-2014 10h30";168.58;0;44.7;0;0;0;
"04-03-2014 10h45";183.62;0;46.2;0;0;0;
"04-03-2014 11h00";176.6;0;47.5;0;0;0;
"04-03-2014 11h15";177.61;0;49.6;0;0;0;
"04-03-2014 11h30";181.62;0;47;0;0;0;
"04-03-2014 11h45";174.6;0;46.3;0;0;0;
"04-03-2014 12h00";187.64;0;48.6;0;0;0;
"04-03-2014 12h15";167.58;0;43.6;0;0;0;
"04-03-2014 12h30";193.65;0;52.2;0;0;0;
"04-03-2014 12h45";192.65;0;49.1;0;0;0;
"04-03-2014 13h00";198.67;0;51.7;0;0;0;
"04-03-2014 13h15";174.6;0;45.3;0;0;0;
"04-03-2014 13h30";178.61;0;51.7;0;0;0;
"04-03-2014 13h45";181.62;0;52;0;0;0;
"04-03-2014 14h00";172.59;0;48.1;0;0;0;
"04-03-2014 14h15";168.58;0;45.7;0;0;0;
"04-03-2014 14h30";172.59;0;50.1;0;0;0;
"04-03-2014 14h45";180.62;0;49.9;0;0;0;
"04-03-2014 15h00";178.61;0;51.7;0;0;0;
"04-03-2014 15h15";173.59;0;46.2;0;0;0;
"04-03-2014 15h30";176.6;0;49.5;0;0;0;
"04-03-2014 15h45";185.63;0;53.4;0;0;0;
"04-03-2014 16h00";178.61;0;51.7;0;0;0;
"04-03-2014 16h15";180.62;0;47.9;0;0;0;
"04-03-2014 16h30";176.6;0;50.5;0;0;0;
"04-03-2014 16h45";190.65;0;51.9;0;0;0;
"04-03-2014 17h00";175.6;0;48.4;0;0;0;
"04-03-2014 17h15";188.64;0;52.7;0;0;0;
"04-03-2014 17h30";198.67;0;50.7;0;0;0;
"04-03-2014 17h45";196.66;0;52.5;0;0;0;
"04-03-2014 18h00";189.64;0;49.8;0;0;0;
"04-03-2014 18h15";188.64;0;48.7;0;0;0;
"04-03-2014 18h30";208.7;0;52.7;0;0;0;
"04-03-2014 18h45";192.65;0;51.1;0;0;0;
"04-03-2014 19h00";181.62;0;50;0;0;0;
"04-03-2014 19h15";192.65;0;48.1;0;0;0;
"04-03-2014 19h30";191.65;0;52;0;0;0;
"04-03-2014 19h45";200.68;0;55.9;0;0;0;
"04-03-2014 20h00";190.65;0;50.9;0;0;0;
"04-03-2014 20h15";182.62;0;47.1;0;0;0;
"04-03-2014 20h30";178.61;0;50.7;0;0;0;
"04-03-2014 20h45";181.62;0;50;0;0;0;
"04-03-2014 21h00";178.61;0;47.7;0;0;0;
"04-03-2014 21h15";180.62;0;48.9;0;0;0;
"04-03-2014 21h30";171.59;0;42;0;0;0;
"04-03-2014 21h45";172.59;0;46.1;0;0;0;
"04-03-2014 22h00";177.61;0;46.6;0;0;0;
"04-03-2014 22h15";162.56;0;47.1;0;0;0;
"04-03-2014 22h30";140.5;0;40.9;0;0;0;
"04-03-2014 22h45";134.48;0;35.3;0;0;0;
"04-03-2014 23h00";120.17;0;29.9;0;0;0;
"04-03-2014 23h15";102.16;0;29.1;0;0;0;
"04-03-2014 23h30";87.14;0;23.6;0;0;0;
"04-03-2014 23h45";79.14;0;22.8;0;0;0;
"04-03-2014 00h00";84.14;0;24.3;0;0;0;
"05-03-2014 00h15";80.14;0;19.9;0;0;0;
"05-03-2014 00h30";82.14;0;24.1;0;0;0;
"05-03-2014 00h45";86.14;0;25.5;0;0;0;
"05-03-2014 01h00";83.14;0;20.2;0;0;0;
"05-03-2014 01h15";95.15;0;25.4;0;0;0;
"05-03-2014 01h30";93.15;0;26.2;0;0;0;
"05-03-2014 01h45";96.15;0;27.5;0;0;0;
"05-03-2014 02h00";89.15;0;23.8;0;0;0;
"05-03-2014 02h15";91.15;0;28;0;0;0;
"05-03-2014 02h30";89.15;0;25.8;0;0;0;
"05-03-2014 02h45";103.16;0;29.2;0;0;0;
"05-03-2014 03h00";101.16;0;27;0;0;0;
"05-03-2014 03h15";97.15;0;27.6;0;0;0;
"05-03-2014 03h30";93.15;0;26.2;0;0;0;
"05-03-2014 03h45";102.16;0;27.1;0;0;0;
"05-03-2014 04h00";97.15;0;28.6;0;0;0;
"05-03-2014 04h15";95.15;0;27.4;0;0;0;
"05-03-2014 04h30";95.15;0;25.4;0;0;0;
"05-03-2014 04h45";100.16;0;25.9;0;0;0;
"05-03-2014 05h00";97.15;0;26.6;0;0;0;
"05-03-2014 05h15";97.15;0;28.6;0;0;0;
"05-03-2014 05h30";96.15;0;27.5;0;0;0;
"05-03-2014 05h45";106.16;0;30.5;0;0;0;
"05-03-2014 06h00";96.15;0;27.5;0;0;0;
"05-03-2014 06h15";90.15;0;25.9;0;0;0;
"05-03-2014 06h30";102.16;0;28.1;0;0;0;
"05-03-2014 06h45";115.17;0;32.4;0;0;0;
"05-03-2014 07h00";196.66;0;51.5;0;0;0;
"05-03-2014 07h15";203.68;0;56.2;0;0;0;
"05-03-2014 07h30";178.61;0;47.7;0;0;0;
"05-03-2014 07h45";173.59;0;44.2;0;0;0;
"05-03-2014 08h00";158.55;0;45.7;0;0;0;
"05-03-2014 08h15";150.53;0;40.9;0;0;0;
"05-03-2014 08h30";161.56;0;47;0;0;0;
"05-03-2014 08h45";178.61;0;47.7;0;0;0;
"05-03-2014 09h00";170.59;0;43.9;0;0;0;
"05-03-2014 09h15";176.6;0;47.5;0;0;0;
"05-03-2014 09h30";176.6;0;48.5;0;0;0;
"05-03-2014 09h45";190.65;0;54.9;0;0;0;
"05-03-2014 10h00";181.62;0;48;0;0;0;
"05-03-2014 10h15";168.58;0;46.7;0;0;0;
"05-03-2014 10h30";169.58;0;47.8;0;0;0;
"05-03-2014 10h45";162.56;0;42.1;0;0;0;
"05-03-2014 11h00";169.58;0;47.8;0;0;0;
"05-03-2014 11h15";175.6;0;49.4;0;0;0;
"05-03-2014 11h30";191.65;0;55;0;0;0;
"05-03-2014 11h45";186.63;0;52.5;0;0;0;
"05-03-2014 12h00";183.62;0;51.2;0;0;0;
"05-03-2014 12h15";170.59;0;46.9;0;0;0;
"05-03-2014 12h30";176.6;0;44.5;0;0;0;
"05-03-2014 12h45";174.6;0;48.3;0;0;0;
"05-03-2014 13h00";174.6;0;49.3;0;0;0;
"05-03-2014 13h15";176.6;0;48.5;0;0;0;
"05-03-2014 13h30";171.59;0;50;0;0;0;
"05-03-2014 13h45";178.61;0;49.7;0;0;0;
"05-03-2014 14h00";177.61;0;47.6;0;0;0;
"05-03-2014 14h15";172.59;0;47.1;0;0;0;
"05-03-2014 14h30";169.58;0;48.8;0;0;0;
"05-03-2014 14h45";186.63;0;56.5;0;0;0;
"05-03-2014 15h00";172.59;0;50.1;0;0;0;
"05-03-2014 15h15";171.59;0;49;0;0;0;
"05-03-2014 15h30";171.59;0;48;0;0;0;
"05-03-2014 15h45";184.63;0;51.3;0;0;0;
"05-03-2014 16h00";178.61;0;54.7;0;0;0;
"05-03-2014 16h15";171.59;0;50;0;0;0;
"05-03-2014 16h30";172.59;0;48.1;0;0;0;
"05-03-2014 16h45";183.62;0;55.2;0;0;0;
"05-03-2014 17h00";177.61;0;49.6;0;0;0;
"05-03-2014 17h15";180.62;0;50.9;0;0;0;
"05-03-2014 17h30";180.62;0;50.9;0;0;0;
"05-03-2014 17h45";195.66;0;55.4;0;0;0;
"05-03-2014 18h00";182.62;0;50.1;0;0;0;
"05-03-2014 18h15";181.62;0;47;0;0;0;
"05-03-2014 18h30";194.66;0;50.3;0;0;0;
"05-03-2014 18h45";191.65;0;53;0;0;0;
"05-03-2014 19h00";194.66;0;52.3;0;0;0;
"05-03-2014 19h15";194.66;0;52.3;0;0;0;
"05-03-2014 19h30";190.65;0;54.9;0;0;0;
"05-03-2014 19h45";206.69;0;54.5;0;0;0;
"05-03-2014 20h00";198.67;0;56.7;0;0;0;
"05-03-2014 20h15";196.66;0;50.5;0;0;0;
"05-03-2014 20h30";195.66;0;53.4;0;0;0;
"05-03-2014 20h45";179.61;0;40.8;0;0;0;
"05-03-2014 21h00";179.61;0;48.8;0;0;0;
"05-03-2014 21h15";180.62;0;44.9;0;0;0;
"05-03-2014 21h30";176.6;0;46.5;0;0;0;
"05-03-2014 21h45";170.59;0;44.9;0;0;0;
"05-03-2014 22h00";172.59;0;51.1;0;0;0;
"05-03-2014 22h15";164.57;0;43.3;0;0;0;
"05-03-2014 22h30";143.5;0;35.2;0;0;0;
"05-03-2014 22h45";133.47;0;32.2;0;0;0;
"05-03-2014 23h00";118.17;0;29.7;0;0;0;
"05-03-2014 23h15";96.15;0;23.5;0;0;0;
"05-03-2014 23h30";83.14;0;19.2;0;0;0;
"05-03-2014 23h45";81.14;0;21;0;0;0;
"05-03-2014 00h00";81.14;0;23;0;0;0;
"06-03-2014 00h15";81.14;0;20;0;0;0;
"06-03-2014 00h30";80.14;0;19.9;0;0;0;
"06-03-2014 00h45";81.14;0;18;0;0;0;
"06-03-2014 01h00";79.14;0;16.8;0;0;0;
"06-03-2014 01h15";95.15;0;23.4;0;0;0;
"06-03-2014 01h30";96.15;0;29.5;0;0;0;
"06-03-2014 01h45";93.15;0;27.2;0;0;0;
"06-03-2014 02h00";89.15;0;25.8;0;0;0;
"06-03-2014 02h15";88.15;0;25.7;0;0;0;
"06-03-2014 02h30";90.15;0;24.9;0;0;0;
"06-03-2014 02h45";101.16;0;29;0;0;0;
"06-03-2014 03h00";97.15;0;26.6;0;0;0;
"06-03-2014 03h15";95.15;0;26.4;0;0;0;
"06-03-2014 03h30";89.15;0;21.8;0;0;0;
"06-03-2014 03h45";103.16;0;30.2;0;0;0;
"06-03-2014 04h00";94.15;0;28.3;0;0;0;
"06-03-2014 04h15";94.15;0;28.3;0;0;0;
"06-03-2014 04h30";94.15;0;26.3;0;0;0;
"06-03-2014 04h45";99.15;0;30.8;0;0;0;
"06-03-2014 05h00";96.15;0;28.5;0;0;0;
"06-03-2014 05h15";95.15;0;26.4;0;0;0;
"06-03-2014 05h30";89.15;0;28.8;0;0;0;
"06-03-2014 05h45";101.16;0;31;0;0;0;
"06-03-2014 06h00";99.15;0;31.8;0;0;0;
"06-03-2014 06h15";89.15;0;24.8;0;0;0;
"06-03-2014 06h30";103.16;0;27.2;0;0;0;
"06-03-2014 06h45";115.17;0;31.4;0;0;0;
"06-03-2014 07h00";192.65;0;50.1;0;0;0;
"06-03-2014 07h15";190.65;0;48.9;0;0;0;
"06-03-2014 07h30";185.63;0;52.4;0;0;0;
"06-03-2014 07h45";163.56;0;47.2;0;0;0;
"06-03-2014 08h00";146.51;0;39.5;0;0;0;
"06-03-2014 08h15";157.55;0;46.6;0;0;0;
"06-03-2014 08h30";179.61;0;48.8;0;0;0;
"06-03-2014 08h45";165.57;0;44.4;0;0;0;
"06-03-2014 09h00";164.57;0;45.3;0;0;0;
"06-03-2014 09h15";174.6;0;48.3;0;0;0;
"06-03-2014 09h30";175.6;0;44.4;0;0;0;
"06-03-2014 09h45";173.59;0;47.2;0;0;0;
"06-03-2014 10h00";181.62;0;54;0;0;0;
"06-03-2014 10h15";181.62;0;53;0;0;0;
"06-03-2014 10h30";178.61;0;50.7;0;0;0;
"06-03-2014 10h45";178.61;0;48.7;0;0;0;
"06-03-2014 11h00";174.6;0;49.3;0;0;0;
"06-03-2014 11h15";184.63;0;52.3;0;0;0;
"06-03-2014 11h30";184.63;0;50.3;0;0;0;
"06-03-2014 11h45";170.59;0;44.9;0;0;0;
"06-03-2014 12h00";171.59;0;50;0;0;0;
"06-03-2014 12h15";166.57;0;42.5;0;0;0;
"06-03-2014 12h30";177.61;0;52.6;0;0;0;
"06-03-2014 12h45";175.6;0;50.4;0;0;0;
"06-03-2014 13h00";168.58;0;45.7;0;0;0;
"06-03-2014 13h15";177.61;0;47.6;0;0;0;
"06-03-2014 13h30";172.59;0;50.1;0;0;0;
"06-03-2014 13h45";178.61;0;49.7;0;0;0;
"06-03-2014 14h00";172.59;0;48.1;0;0;0;
"06-03-2014 14h15";182.62;0;50.1;0;0;0;
"06-03-2014 14h30";182.62;0;55.1;0;0;0;
"06-03-2014 14h45";204.69;0;56.3;0;0;0;
"06-03-2014 15h00";204.69;0;56.3;0;0;0;
"06-03-2014 15h15";185.63;0;46.4;0;0;0;
"06-03-2014 15h30";187.64;0;50.6;0;0;0;
"06-03-2014 15h45";202.68;0;52.1;0;0;0;
"06-03-2014 16h00";191.65;0;56;0;0;0;
"06-03-2014 16h15";182.62;0;52.1;0;0;0;
"06-03-2014 16h30";179.61;0;48.8;0;0;0;
"06-03-2014 16h45";198.67;0;56.7;0;0;0;
"06-03-2014 17h00";179.61;0;50.8;0;0;0;
"06-03-2014 17h15";185.63;0;52.4;0;0;0;
"06-03-2014 17h30";195.66;0;53.4;0;0;0;
"06-03-2014 17h45";192.65;0;53.1;0;0;0;
"06-03-2014 18h00";185.63;0;50.4;0;0;0;
"06-03-2014 18h15";186.63;0;48.5;0;0;0;
"06-03-2014 18h30";207.7;0;55.6;0;0;0;
"06-03-2014 18h45";199.67;0;54.8;0;0;0;
"06-03-2014 19h00";193.65;0;55.2;0;0;0;
"06-03-2014 19h15";197.67;0;52.6;0;0;0;
"06-03-2014 19h30";189.64;0;50.8;0;0;0;
"06-03-2014 19h45";209.7;0;54.8;0;0;0;
"06-03-2014 20h00";206.69;0;57.5;0;0;0;
"06-03-2014 20h15";181.62;0;43;0;0;0;
"06-03-2014 20h30";182.62;0;49.1;0;0;0;
"06-03-2014 20h45";179.61;0;48.8;0;0;0;
"06-03-2014 21h00";183.62;0;48.2;0;0;0;
"06-03-2014 21h15";182.62;0;50.1;0;0;0;
"06-03-2014 21h30";182.62;0;52.1;0;0;0;
"06-03-2014 21h45";178.61;0;43.7;0;0;0;
"06-03-2014 22h00";181.62;0;51;0;0;0;
"06-03-2014 22h15";163.56;0;45.2;0;0;0;
"06-03-2014 22h30";145.51;0;37.4;0;0;0;
"06-03-2014 22h45";133.47;0;33.2;0;0;0;
"06-03-2014 23h00";117.17;0;30.6;0;0;0;
"06-03-2014 23h15";98.15;0;25.7;0;0;0;
"06-03-2014 23h30";82.14;0;22.1;0;0;0;
"06-03-2014 23h45";84.14;0;23.3;0;0;0;
"06-03-2014 00h00";80.14;0;26.9;0;0;0;
"07-03-2014 00h15";74.13;0;21.3;0;0;0;
"07-03-2014 00h30";86.14;0;23.5;0;0;0;
"07-03-2014 00h45";85.14;0;22.4;0;0;0;
"07-03-2014 01h00";77.14;0;20.6;0;0;0;
"07-03-2014 01h15";94.15;0;26.3;0;0;0;
"07-03-2014 01h30";90.15;0;23.9;0;0;0;
"07-03-2014 01h45";89.15;0;28.8;0;0;0;
"07-03-2014 02h00";90.15;0;27.9;0;0;0;
"07-03-2014 02h15";85.14;0;26.4;0;0;0;
"07-03-2014 02h30";86.14;0;26.5;0;0;0;
"07-03-2014 02h45";103.16;0;32.2;0;0;0;
"07-03-2014 03h00";95.15;0;30.4;0;0;0;
"07-03-2014 03h15";95.15;0;29.4;0;0;0;
"07-03-2014 03h30";90.15;0;26.9;0;0;0;
"07-03-2014 03h45";104.16;0;30.3;0;0;0;
"07-03-2014 04h00";93.15;0;28.2;0;0;0;
"07-03-2014 04h15";89.15;0;23.8;0;0;0;
"07-03-2014 04h30";92.15;0;28.1;0;0;0;
"07-03-2014 04h45";99.15;0;29.8;0;0;0;
"07-03-2014 05h00";95.15;0;30.4;0;0;0;
"07-03-2014 05h15";94.15;0;28.3;0;0;0;
"07-03-2014 05h30";91.15;0;27;0;0;0;
"07-03-2014 05h45";103.16;0;32.2;0;0;0;
"07-03-2014 06h00";98.15;0;32.7;0;0;0;
"07-03-2014 06h15";93.15;0;29.2;0;0;0;
"07-03-2014 06h30";101.16;0;26;0;0;0;
"07-03-2014 06h45";114.17;0;31.3;0;0;0;
"07-03-2014 07h00";170.59;0;43.9;0;0;0;
"07-03-2014 07h15";188.64;0;48.7;0;0;0;
"07-03-2014 07h30";175.6;0;44.4;0;0;0;
"07-03-2014 07h45";174.6;0;48.3;0;0;0;
"07-03-2014 08h00";146.51;0;38.5;0;0;0;
"07-03-2014 08h15";164.57;0;48.3;0;0;0;
"07-03-2014 08h30";161.56;0;43;0;0;0;
"07-03-2014 08h45";167.58;0;47.6;0;0;0;
"07-03-2014 09h00";158.55;0;46.7;0;0;0;
"07-03-2014 09h15";157.55;0;42.6;0;0;0;
"07-03-2014 09h30";187.64;0;52.6;0;0;0;
"07-03-2014 09h45";187.64;0;53.6;0;0;0;
"07-03-2014 10h00";184.63;0;49.3;0;0;0;
"07-03-2014 10h15";180.62;0;51.9;0;0;0;
"07-03-2014 10h30";175.6;0;45.4;0;0;0;
"07-03-2014 10h45";182.62;0;51.1;0;0;0;
"07-03-2014 11h00";184.63;0;52.3;0;0;0;
"07-03-2014 11h15";186.63;0;53.5;0;0;0;
"07-03-2014 11h30";184.63;0;50.3;0;0;0;
"07-03-2014 11h45";180.62;0;51.9;0;0;0;
"07-03-2014 12h00";192.65;0;54.1;0;0;0;
"07-03-2014 12h15";187.64;0;54.6;0;0;0;
"07-03-2014 12h30";192.65;0;56.1;0;0;0;
"07-03-2014 12h45";189.64;0;55.8;0;0;0;
"07-03-2014 13h00";187.64;0;54.6;0;0;0;
"07-03-2014 13h15";188.64;0;52.7;0;0;0;
"07-03-2014 13h30";186.63;0;53.5;0;0;0;
"07-03-2014 13h45";198.67;0;57.7;0;0;0;
"07-03-2014 14h00";198.67;0;56.7;0;0;0;
"07-03-2014 14h15";188.64;0;50.7;0;0;0;
"07-03-2014 14h30";181.62;0;52;0;0;0;
"07-03-2014 14h45";201.68;0;55;0;0;0;
"07-03-2014 15h00";200.68;0;52.9;0;0;0;
"07-03-2014 15h15";199.67;0;58.8;0;0;0;
"07-03-2014 15h30";187.64;0;52.6;0;0;0;
"07-03-2014 15h45";216.72;0;58.5;0;0;0;
"07-03-2014 16h00";187.64;0;54.6;0;0;0;
"07-03-2014 16h15";190.65;0;55.9;0;0;0;
"07-03-2014 16h30";187.64;0;52.6;0;0;0;
"07-03-2014 16h45";203.68;0;55.2;0;0;0;
"07-03-2014 17h00";195.66;0;53.4;0;0;0;
"07-03-2014 17h15";190.65;0;51.9;0;0;0;
"07-03-2014 17h30";187.64;0;52.6;0;0;0;
"07-03-2014 17h45";196.66;0;51.5;0;0;0;
"07-03-2014 18h00";186.63;0;51.5;0;0;0;
"07-03-2014 18h15";189.64;0;46.8;0;0;0;
"07-03-2014 18h30";201.68;0;54;0;0;0;
"07-03-2014 18h45";199.67;0;57.8;0;0;0;
"07-03-2014 19h00";201.68;0;59;0;0;0;
"07-03-2014 19h15";200.68;0;51.9;0;0;0;
"07-03-2014 19h30";205.69;0;59.4;0;0;0;
"07-03-2014 19h45";204.69;0;56.3;0;0;0;
"07-03-2014 20h00";190.65;0;54.9;0;0;0;
"07-03-2014 20h15";194.66;0;55.3;0;0;0;
"07-03-2014 20h30";191.65;0;55;0;0;0;
"07-03-2014 20h45";198.67;0;50.7;0;0;0;
"07-03-2014 21h00";182.62;0;48.1;0;0;0;
"07-03-2014 21h15";187.64;0;52.6;0;0;0;
"07-03-2014 21h30";180.62;0;51.9;0;0;0;
"07-03-2014 21h45";183.62;0;48.2;0;0;0;
"07-03-2014 22h00";178.61;0;51.7;0;0;0;
"07-03-2014 22h15";166.57;0;48.5;0;0;0;
"07-03-2014 22h30";148.52;0;40.7;0;0;0;
"07-03-2014 22h45";138.49;0;33.7;0;0;0;
"07-03-2014 23h00";123.17;0;32.2;0;0;0;
"07-03-2014 23h15";100.16;0;28.9;0;0;0;
"07-03-2014 23h30";90.15;0;23.9;0;0;0;
"07-03-2014 23h45";91.15;0;24;0;0;0;
"07-03-2014 00h00";86.14;0;25.5;0;0;0;
"08-03-2014 00h15";82.14;0;24.1;0;0;0;
"08-03-2014 00h30";90.15;0;25.9;0;0;0;
"08-03-2014 00h45";85.14;0;26.4;0;0;0;
"08-03-2014 01h00";89.15;0;27.8;0;0;0;
"08-03-2014 01h15";98.15;0;30.7;0;0;0;
"08-03-2014 01h30";95.15;0;27.4;0;0;0;
"08-03-2014 01h45";99.15;0;30.8;0;0;0;
"08-03-2014 02h00";91.15;0;31;0;0;0;
"08-03-2014 02h15";95.15;0;28.4;0;0;0;
"08-03-2014 02h30";90.15;0;25.9;0;0;0;
"08-03-2014 02h45";109.16;0;34.8;0;0;0;
"08-03-2014 03h00";97.15;0;30.6;0;0;0;
"08-03-2014 03h15";91.15;0;24;0;0;0;
"08-03-2014 03h30";98.15;0;28.7;0;0;0;
"08-03-2014 03h45";103.16;0;32.2;0;0;0;
"08-03-2014 04h00";93.15;0;26.2;0;0;0;
"08-03-2014 04h15";95.15;0;29.4;0;0;0;
"08-03-2014 04h30";94.15;0;26.3;0;0;0;
"08-03-2014 04h45";101.16;0;28;0;0;0;
"08-03-2014 05h00";93.15;0;26.2;0;0;0;
"08-03-2014 05h15";90.15;0;27.9;0;0;0;
"08-03-2014 05h30";94.15;0;28.3;0;0;0;
"08-03-2014 05h45";103.16;0;32.2;0;0;0;
"08-03-2014 06h00";91.15;0;24;0;0;0;
"08-03-2014 06h15";88.15;0;25.7;0;0;0;
"08-03-2014 06h30";97.15;0;23.6;0;0;0;
"08-03-2014 06h45";108.16;0;29.7;0;0;0;
"08-03-2014 07h00";189.64;0;48.8;0;0;0;
"08-03-2014 07h15";189.64;0;49.8;0;0;0;
"08-03-2014 07h30";183.62;0;48.2;0;0;0;
"08-03-2014 07h45";176.6;0;45.5;0;0;0;
"08-03-2014 08h00";173.59;0;44.2;0;0;0;
"08-03-2014 08h15";152.53;0;42.1;0;0;0;
"08-03-2014 08h30";165.57;0;47.4;0;0;0;
"08-03-2014 08h45";184.63;0;54.3;0;0;0;
"08-03-2014 09h00";185.63;0;53.4;0;0;0;
"08-03-2014 09h15";182.62;0;52.1;0;0;0;
"08-03-2014 09h30";177.61;0;47.6;0;0;0;
"08-03-2014 09h45";168.58;0;47.7;0;0;0;
"08-03-2014 10h00";181.62;0;52;0;0;0;
"08-03-2014 10h15";184.63;0;53.3;0;0;0;
"08-03-2014 10h30";202.68;0;57.1;0;0;0;
"08-03-2014 10h45";186.63;0;53.5;0;0;0;
"08-03-2014 11h00";199.67;0;54.8;0;0;0;
"08-03-2014 11h15";184.63;0;51.3;0;0;0;
"08-03-2014 11h30";191.65;0;54;0;0;0;
"08-03-2014 11h45";188.64;0;52.7;0;0;0;
"08-03-2014 12h00";185.63;0;51.4;0;0;0;
"08-03-2014 12h15";195.66;0;54.4;0;0;0;
"08-03-2014 12h30";214.72;0;56.3;0;0;0;
"08-03-2014 12h45";219.73;0;61.8;0;0;0;
"08-03-2014 13h00";218.73;0;60.7;0;0;0;
"08-03-2014 13h15";202.68;0;54.1;0;0;0;
"08-03-2014 13h30";206.69;0;58.5;0;0;0;
"08-03-2014 13h45";198.67;0;52.7;0;0;0;
"08-03-2014 14h00";193.65;0;58.2;0;0;0;
"08-03-2014 14h15";183.62;0;52.2;0;0;0;
"08-03-2014 14h30";180.62;0;51.9;0;0;0;
"08-03-2014 14h45";203.68;0;56.2;0;0;0;
"08-03-2014 15h00";193.65;0;51.2;0;0;0;
"08-03-2014 15h15";197.67;0;51.6;0;0;0;
"08-03-2014 15h30";190.65;0;53.9;0;0;0;
"08-03-2014 15h45";212.71;0;60.1;0;0;0;
"08-03-2014 16h00";206.69;0;61.5;0;0;0;
"08-03-2014 16h15";190.65;0;56.9;0;0;0;
"08-03-2014 16h30";189.64;0;52.8;0;0;0;
"08-03-2014 16h45";213.71;0;61.2;0;0;0;
"08-03-2014 17h00";204.69;0;58.3;0;0;0;
"08-03-2014 17h15";207.7;0;59.6;0;0;0;
"08-03-2014 17h30";198.67;0;53.7;0;0;0;
"08-03-2014 17h45";202.68;0;53.1;0;0;0;
"08-03-2014 18h00";191.65;0;53;0;0;0;
"08-03-2014 18h15";192.65;0;51.1;0;0;0;
"08-03-2014 18h30";210.71;0;59.9;0;0;0;
"08-03-2014 18h45";206.69;0;56.5;0;0;0;
"08-03-2014 19h00";210.71;0;55.9;0;0;0;
"08-03-2014 19h15";205.69;0;50.4;0;0;0;
"08-03-2014 19h30";198.67;0;50.7;0;0;0;
"08-03-2014 19h45";211.71;0;59;0;0;0;
"08-03-2014 20h00";202.68;0;53.1;0;0;0;
"08-03-2014 20h15";194.66;0;56.3;0;0;0;
"08-03-2014 20h30";193.65;0;54.2;0;0;0;
"08-03-2014 20h45";188.64;0;56.7;0;0;0;
"08-03-2014 21h00";177.61;0;47.6;0;0;0;
"08-03-2014 21h15";181.62;0;45;0;0;0;
"08-03-2014 21h30";184.63;0;50.3;0;0;0;
"08-03-2014 21h45";176.6;0;48.5;0;0;0;
"08-03-2014 22h00";179.61;0;47.8;0;0;0;
"08-03-2014 22h15";172.59;0;48.1;0;0;0;
"08-03-2014 22h30";145.51;0;36.4;0;0;0;
"08-03-2014 22h45";136.48;0;34.5;0;0;0;
"08-03-2014 23h00";119.17;0;30.8;0;0;0;
"08-03-2014 23h15";104.16;0;26.3;0;0;0;
"08-03-2014 23h30";87.14;0;22.6;0;0;0;
"08-03-2014 23h45";85.14;0;24.4;0;0;0;
"08-03-2014 00h00";84.14;0;22.3;0;0;0;
"09-03-2014 00h15";82.14;0;22.1;0;0;0;
"09-03-2014 00h30";84.14;0;21.3;0;0;0;
"09-03-2014 00h45";86.14;0;25.5;0;0;0;
"09-03-2014 01h00";81.14;0;21;0;0;0;
"09-03-2014 01h15";96.15;0;27.5;0;0;0;
"09-03-2014 01h30";92.15;0;25.1;0;0;0;
"09-03-2014 01h45";94.15;0;31.3;0;0;0;
"09-03-2014 02h00";94.15;0;26.3;0;0;0;
"09-03-2014 02h15";88.15;0;27.7;0;0;0;
"09-03-2014 02h30";88.15;0;23.7;0;0;0;
"09-03-2014 02h45";100.16;0;29.9;0;0;0;
"09-03-2014 03h00";88.15;0;24.7;0;0;0;
"09-03-2014 03h15";88.15;0;24.7;0;0;0;
"09-03-2014 03h30";89.15;0;24.8;0;0;0;
"09-03-2014 03h45";100.16;0;28.9;0;0;0;
"09-03-2014 04h00";92.15;0;26.1;0;0;0;
"09-03-2014 04h15";87.14;0;26.6;0;0;0;
"09-03-2014 04h30";84.14;0;25.3;0;0;0;
"09-03-2014 04h45";100.16;0;31.9;0;0;0;
"09-03-2014 05h00";91.15;0;25;0;0;0;
"09-03-2014 05h15";86.14;0;21.5;0;0;0;
"09-03-2014 05h30";89.15;0;28.8;0;0;0;
"09-03-2014 05h45";96.15;0;27.5;0;0;0;
"09-03-2014 06h00";97.15;0;30.6;0;0;0;
"09-03-2014 06h15";86.14;0;25.5;0;0;0;
"09-03-2014 06h30";100.16;0;27.9;0;0;0;
"09-03-2014 06h45";111.16;0;31;0;0;0;
"09-03-2014 07h00";147.52;0;35.6;0;0;0;
"09-03-2014 07h15";203.68;0;51.2;0;0;0;
"09-03-2014 07h30";195.66;0;52.4;0;0;0;
"09-03-2014 07h45";195.66;0;55.4;0;0;0;
"09-03-2014 08h00";179.61;0;48.8;0;0;0;
"09-03-2014 08h15";177.61;0;51.6;0;0;0;
"09-03-2014 08h30";173.59;0;48.2;0;0;0;
"09-03-2014 08h45";170.59;0;47.9;0;0;0;
"09-03-2014 09h00";169.58;0;49.8;0;0;0;
"09-03-2014 09h15";186.63;0;52.5;0;0;0;
"09-03-2014 09h30";178.61;0;46.7;0;0;0;
"09-03-2014 09h45";176.6;0;47.5;0;0;0;
"09-03-2014 10h00";204.69;0;53.3;0;0;0;
"09-03-2014 10h15";185.63;0;52.4;0;0;0;
"09-03-2014 10h30";180.62;0;47.9;0;0;0;
"09-03-2014 10h45";177.61;0;46.6;0;0;0;
"09-03-2014 11h00";172.59;0;47.1;0;0;0;
"09-03-2014 11h15";188.64;0;48.7;0;0;0;
"09-03-2014 11h30";177.61;0;50.6;0;0;0;
"09-03-2014 11h45";183.62;0;54.2;0;0;0;
"09-03-2014 12h00";188.64;0;53.7;0;0;0;
"09-03-2014 12h15";172.59;0;45.1;0;0;0;
"09-03-2014 12h30";207.7;0;53.6;0;0;0;
"09-03-2014 12h45";198.67;0;53.7;0;0;0;
"09-03-2014 13h00";166.57;0;44.5;0;0;0;
"09-03-2014 13h15";188.64;0;49.7;0;0;0;
"09-03-2014 13h30";185.63;0;49.4;0;0;0;
"09-03-2014 13h45";178.61;0;50.7;0;0;0;
"09-03-2014 14h00";183.62;0;52.2;0;0;0;
"09-03-2014 14h15";184.63;0;50.3;0;0;0;
"09-03-2014 14h30";180.62;0;52.9;0;0;0;
"09-03-2014 14h45";184.63;0;44.3;0;0;0;
"09-03-2014 15h00";181.62;0;52;0;0;0;
"09-03-2014 15h15";176.6;0;52.5;0;0;0;
"09-03-2014 15h30";186.63;0;52.5;0;0;0;
"09-03-2014 15h45";193.65;0;55.2;0;0;0;
"09-03-2014 16h00";198.67;0;55.7;0;0;0;
"09-03-2014 16h15";193.65;0;56.2;0;0;0;
"09-03-2014 16h30";186.63;0;51.5;0;0;0;
"09-03-2014 16h45";192.65;0;53.1;0;0;0;
"09-03-2014 17h00";193.65;0;54.2;0;0;0;
"09-03-2014 17h15";184.63;0;53.3;0;0;0;
"09-03-2014 17h30";175.6;0;48.4;0;0;0;
"09-03-2014 17h45";188.64;0;50.7;0;0;0;
"09-03-2014 18h00";189.64;0;51.8;0;0;0;
"09-03-2014 18h15";184.63;0;51.3;0;0;0;
"09-03-2014 18h30";198.67;0;49.7;0;0;0;
"09-03-2014 18h45";212.71;0;57.1;0;0;0;
"09-03-2014 19h00";207.7;0;58.6;0;0;0;
"09-03-2014 19h15";207.7;0;54.6;0;0;0;
"09-03-2014 19h30";189.64;0;52.8;0;0;0;
"09-03-2014 19h45";215.72;0;61.4;0;0;0;
"09-03-2014 20h00";200.68;0;50.9;0;0;0;
"09-03-2014 20h15";202.68;0;54.1;0;0;0;
"09-03-2014 20h30";188.64;0;55.7;0;0;0;
"09-03-2014 20h45";189.64;0;48.8;0;0;0;
"09-03-2014 21h00";183.62;0;53.2;0;0;0;
"09-03-2014 21h15";180.62;0;47.9;0;0;0;
"09-03-2014 21h30";176.6;0;47.5;0;0;0;
"09-03-2014 21h45";186.63;0;53.5;0;0;0;
"09-03-2014 22h00";184.63;0;53.3;0;0;0;
"09-03-2014 22h15";169.58;0;42.8;0;0;0;
"09-03-2014 22h30";144.51;0;39.3;0;0;0;
"09-03-2014 22h45";141.5;0;38;0;0;0;
"09-03-2014 23h00";119.17;0;27.8;0;0;0;
"09-03-2014 23h15";104.16;0;25.3;0;0;0;
"09-03-2014 23h30";91.15;0;28;0;0;0;
"09-03-2014 23h45";83.14;0;22.2;0;0;0;
"09-03-2014 00h00";86.14;0;22.5;0;0;0;
"10-03-2014 00h15";83.14;0;21.2;0;0;0;
"10-03-2014 00h30";85.14;0;20.4;0;0;0;
"10-03-2014 00h45";86.14;0;23.5;0;0;0;
"10-03-2014 01h00";81.14;0;19;0;0;0;
"10-03-2014 01h15";89.15;0;21.8;0;0;0;
"10-03-2014 01h30";86.14;0;20.5;0;0;0;
"10-03-2014 01h45";85.14;0;21.4;0;0;0;
"10-03-2014 02h00";81.14;0;20;0;0;0;
"10-03-2014 02h15";84.14;0;23.3;0;0;0;
"10-03-2014 02h30";77.14;0;21.6;0;0;0;
"10-03-2014 02h45";94.15;0;23.3;0;0;0;
"10-03-2014 03h00";83.14;0;21.2;0;0;0;
"10-03-2014 03h15";84.14;0;25.3;0;0;0;
"10-03-2014 03h30";80.14;0;22.9;0;0;0;
"10-03-2014 03h45";92.15;0;27.1;0;0;0;
"10-03-2014 04h00";89.15;0;23.8;0;0;0;
"10-03-2014 04h15";81.14;0;24;0;0;0;
"10-03-2014 04h30";84.14;0;22.3;0;0;0;
"10-03-2014 04h45";90.15;0;18.9;0;0;0;
"10-03-2014 05h00";86.14;0;18.5;0;0;0;
"10-03-2014 05h15";81.14;0;18;0;0;0;
"10-03-2014 05h30";79.14;0;19.8;0;0;0;
"10-03-2014 05h45";91.15;0;26;0;0;0;
"10-03-2014 06h00";88.15;0;23.7;0;0;0;
"10-03-2014 06h15";76.14;0;15.5;0;0;0;
"10-03-2014 06h30";90.15;0;24.9;0;0;0;
"10-03-2014 06h45";96.15;0;23.5;0;0;0;
"10-03-2014 07h00";161.56;0;38;0;0;0;
"10-03-2014 07h15";171.59;0;43;0;0;0;
"10-03-2014 07h30";165.57;0;48.4;0;0;0;
"10-03-2014 07h45";163.56;0;46.2;0;0;0;
"10-03-2014 08h00";161.56;0;40;0;0;0;
"10-03-2014 08h15";146.51;0;42.5;0;0;0;
"10-03-2014 08h30";159.55;0;40.8;0;0;0;
"10-03-2014 08h45";170.59;0;47.9;0;0;0;
"10-03-2014 09h00";159.55;0;39.8;0;0;0;
"10-03-2014 09h15";163.56;0;43.2;0;0;0;
"10-03-2014 09h30";156.54;0;43.5;0;0;0;
"10-03-2014 09h45";193.65;0;54.2;0;0;0;
"10-03-2014 10h00";190.65;0;52.9;0;0;0;
"10-03-2014 10h15";178.61;0;49.7;0;0;0;
"10-03-2014 10h30";166.57;0;45.5;0;0;0;
"10-03-2014 10h45";165.57;0;48.4;0;0;0;
"10-03-2014 11h00";163.56;0;45.2;0;0;0;
"10-03-2014 11h15";168.58;0;47.7;0;0;0;
"10-03-2014 11h30";165.57;0;47.4;0;0;0;
"10-03-2014 11h45";196.66;0;54.5;0;0;0;
"10-03-2014 12h00";175.6;0;53.4;0;0;0;
"10-03-2014 12h15";166.57;0;46.5;0;0;0;
"10-03-2014 12h30";186.63;0;48.5;0;0;0;
"10-03-2014 12h45";176.6;0;48.5;0;0;0;
"10-03-2014 13h00";196.66;0;53.5;0;0;0;
"10-03-2014 13h15";186.63;0;53.5;0;0;0;
"10-03-2014 13h30";177.61;0;51.6;0;0;0;
"10-03-2014 13h45";181.62;0;54;0;0;0;
"10-03-2014 14h00";177.61;0;51.6;0;0;0;
"10-03-2014 14h15";172.59;0;46.1;0;0;0;
"10-03-2014 14h30";185.63;0;56.4;0;0;0;
"10-03-2014 14h45";196.66;0;56.5;0;0;0;
"10-03-2014 15h00";186.63;0;52.5;0;0;0;
"10-03-2014 15h15";189.64;0;49.8;0;0;0;
"10-03-2014 15h30";183.62;0;46.2;0;0;0;
"10-03-2014 15h45";181.62;0;53;0;0;0;
"10-03-2014 16h00";195.66;0;55.4;0;0;0;
"10-03-2014 16h15";180.62;0;50.9;0;0;0;
"10-03-2014 16h30";181.62;0;50;0;0;0;
"10-03-2014 16h45";189.64;0;53.8;0;0;0;
"10-03-2014 17h00";183.62;0;46.2;0;0;0;
"10-03-2014 17h15";188.64;0;49.7;0;0;0;
"10-03-2014 17h30";180.62;0;47.9;0;0;0;
"10-03-2014 17h45";187.64;0;51.6;0;0;0;
"10-03-2014 18h00";179.61;0;48.8;0;0;0;
"10-03-2014 18h15";173.59;0;45.2;0;0;0;
"10-03-2014 18h30";205.69;0;53.4;0;0;0;
"10-03-2014 18h45";202.68;0;50.1;0;0;0;
"10-03-2014 19h00";203.68;0;52.2;0;0;0;
"10-03-2014 19h15";205.69;0;52.4;0;0;0;
"10-03-2014 19h30";200.68;0;54.9;0;0;0;
"10-03-2014 19h45";200.68;0;52.9;0;0;0;
"10-03-2014 20h00";192.65;0;51.1;0;0;0;
"10-03-2014 20h15";193.65;0;51.2;0;0;0;
"10-03-2014 20h30";186.63;0;47.5;0;0;0;
"10-03-2014 20h45";187.64;0;49.6;0;0;0;
"10-03-2014 21h00";183.62;0;45.2;0;0;0;
"10-03-2014 21h15";182.62;0;47.1;0;0;0;
"10-03-2014 21h30";183.62;0;45.2;0;0;0;
"10-03-2014 21h45";179.61;0;43.8;0;0;0;
"10-03-2014 22h00";182.62;0;52.1;0;0;0;
"10-03-2014 22h15";173.59;0;47.2;0;0;0;
"10-03-2014 22h30";136.48;0;34.5;0;0;0;
"10-03-2014 22h45";133.47;0;34.2;0;0;0;
"10-03-2014 23h00";124.17;0;34.3;0;0;0;
"10-03-2014 23h15";103.16;0;27.2;0;0;0;
"10-03-2014 23h30";102.16;0;28.1;0;0;0;
"10-03-2014 23h45";96.15;0;27.5;0;0;0;
"10-03-2014 00h00";103.16;0;29.2;0;0;0;
"11-03-2014 00h15";93.15;0;25.2;0;0;0;
"11-03-2014 00h30";102.16;0;23.1;0;0;0;
"11-03-2014 00h45";101.16;0;27;0;0;0;
"11-03-2014 01h00";96.15;0;25.5;0;0;0;
"11-03-2014 01h15";107.16;0;27.6;0;0;0;
"11-03-2014 01h30";109.16;0;30.8;0;0;0;
"11-03-2014 01h45";106.16;0;32.5;0;0;0;
"11-03-2014 02h00";87.14;0;23.6;0;0;0;
"11-03-2014 02h15";96.15;0;24.5;0;0;0;
"11-03-2014 02h30";90.15;0;25.9;0;0;0;
"11-03-2014 02h45";104.16;0;32.3;0;0;0;
"11-03-2014 03h00";94.15;0;26.3;0;0;0;
"11-03-2014 03h15";97.15;0;29.6;0;0;0;
"11-03-2014 03h30";91.15;0;28;0;0;0;
"11-03-2014 03h45";101.16;0;31;0;0;0;
"11-03-2014 04h00";93.15;0;25.2;0;0;0;
"11-03-2014 04h15";89.15;0;25.8;0;0;0;
"11-03-2014 04h30";92.15;0;29.1;0;0;0;
"11-03-2014 04h45";97.15;0;26.6;0;0;0;
"11-03-2014 05h00";96.15;0;30.5;0;0;0;
"11-03-2014 05h15";92.15;0;26.1;0;0;0;
"11-03-2014 05h30";90.15;0;27.9;0;0;0;
"11-03-2014 05h45";98.15;0;25.7;0;0;0;
"11-03-2014 06h00";92.15;0;24.1;0;0;0;
"11-03-2014 06h15";91.15;0;22;0;0;0;
"11-03-2014 06h30";108.16;0;31.7;0;0;0;
"11-03-2014 06h45";110.16;0;29.9;0;0;0;
"11-03-2014 07h00";154.54;0;40.3;0;0;0;
"11-03-2014 07h15";198.67;0;49.7;0;0;0;
"11-03-2014 07h30";183.62;0;49.2;0;0;0;
"11-03-2014 07h45";158.55;0;42.7;0;0;0;
"11-03-2014 08h00";148.52;0;36.7;0;0;0;
"11-03-2014 08h15";132.47;0;33.1;0;0;0;
"11-03-2014 08h30";151.53;0;41;0;0;0;
"11-03-2014 08h45";146.51;0;40.5;0;0;0;
"11-03-2014 09h00";159.55;0;44.8;0;0;0;
"11-03-2014 09h15";155.54;0;43.4;0;0;0;
"11-03-2014 09h30";155.54;0;44.4;0;0;0;
"11-03-2014 09h45";175.6;0;51.4;0;0;0;
"11-03-2014 10h00";171.59;0;46;0;0;0;
"11-03-2014 10h15";173.59;0;49.2;0;0;0;
"11-03-2014 10h30";183.62;0;50.2;0;0;0;
"11-03-2014 10h45";169.58;0;39.8;0;0;0;
"11-03-2014 11h00";174.6;0;44.3;0;0;0;
"11-03-2014 11h15";174.6;0;46.3;0;0;0;
"11-03-2014 11h30";179.61;0;49.8;0;0;0;
"11-03-2014 11h45";181.62;0;52;0;0;0;
"11-03-2014 12h00";181.62;0;50;0;0;0;
"11-03-2014 12h15";176.6;0;47.5;0;0;0;
"11-03-2014 12h30";182.62;0;48.1;0;0;0;
"11-03-2014 12h45";206.69;0;57.5;0;0;0;
"11-03-2014 13h00";196.66;0;53.5;0;0;0;
"11-03-2014 13h15";179.61;0;47.8;0;0;0;
"11-03-2014 13h30";197.67;0;57.6;0;0;0;
"11-03-2014 13h45";194.66;0;52.3;0;0;0;
"11-03-2014 14h00";188.64;0;53.7;0;0;0;
"11-03-2014 14h15";181.62;0;50;0;0;0;
"11-03-2014 14h30";177.61;0;50.6;0;0;0;
"11-03-2014 14h45";197.67;0;51.6;0;0;0;
"11-03-2014 15h00";187.64;0;51.6;0;0;0;
"11-03-2014 15h15";188.64;0;53.7;0;0;0;
"11-03-2014 15h30";187.64;0;50.6;0;0;0;
"11-03-2014 15h45";197.67;0;54.6;0;0;0;
"11-03-2014 16h00";187.64;0;54.6;0;0;0;
"11-03-2014 16h15";195.66;0;51.4;0;0;0;
"11-03-2014 16h30";173.59;0;48.2;0;0;0;
"11-03-2014 16h45";202.68;0;56.1;0;0;0;
"11-03-2014 17h00";185.63;0;49.4;0;0;0;
"11-03-2014 17h15";184.63;0;52.3;0;0;0;
"11-03-2014 17h30";195.66;0;55.4;0;0;0;
"11-03-2014 17h45";190.65;0;49.9;0;0;0;
"11-03-2014 18h00";179.61;0;52.8;0;0;0;
"11-03-2014 18h15";172.59;0;42.1;0;0;0;
"11-03-2014 18h30";198.67;0;50.7;0;0;0;
"11-03-2014 18h45";193.65;0;51.2;0;0;0;
"11-03-2014 19h00";205.69;0;55.4;0;0;0;
"11-03-2014 19h15";204.69;0;53.3;0;0;0;
"11-03-2014 19h30";203.68;0;56.2;0;0;0;
"11-03-2014 19h45";206.69;0;55.5;0;0;0;
"11-03-2014 20h00";197.67;0;53.6;0;0;0;
"11-03-2014 20h15";183.62;0;47.2;0;0;0;
"11-03-2014 20h30";186.63;0;52.5;0;0;0;
"11-03-2014 20h45";183.62;0;47.2;0;0;0;
"11-03-2014 21h00";178.61;0;47.7;0;0;0;
"11-03-2014 21h15";188.64;0;53.7;0;0;0;
"11-03-2014 21h30";175.6;0;50.4;0;0;0;
"11-03-2014 21h45";177.61;0;45.6;0;0;0;
"11-03-2014 22h00";177.61;0;45.6;0;0;0;
"11-03-2014 22h15";167.58;0;43.6;0;0;0;
"11-03-2014 22h30";151.53;0;40;0;0;0;
"11-03-2014 22h45";152.53;0;41.1;0;0;0;
"11-03-2014 23h00";125.18;0;32.4;0;0;0;
"11-03-2014 23h15";99.15;0;21.8;0;0;0;
"11-03-2014 23h30";84.14;0;20.3;0;0;0;
"11-03-2014 23h45";84.14;0;25.3;0;0;0;
"11-03-2014 00h00";84.14;0;22.3;0;0;0;
"12-03-2014 00h15";83.14;0;27.2;0;0;0;
"12-03-2014 00h30";81.14;0;26;0;0;0;
"12-03-2014 00h45";85.14;0;21.4;0;0;0;
"12-03-2014 01h00";79.14;0;21.8;0;0;0;
"12-03-2014 01h15";96.15;0;27.5;0;0;0;
"12-03-2014 01h30";92.15;0;29.1;0;0;0;
"12-03-2014 01h45";89.15;0;24.8;0;0;0;
"12-03-2014 02h00";86.14;0;27.5;0;0;0;
"12-03-2014 02h15";88.15;0;24.7;0;0;0;
"12-03-2014 02h30";84.14;0;24.3;0;0;0;
"12-03-2014 02h45";102.16;0;32.1;0;0;0;
"12-03-2014 03h00";96.15;0;29.5;0;0;0;
"12-03-2014 03h15";92.15;0;27.1;0;0;0;
"12-03-2014 03h30";84.14;0;23.3;0;0;0;
"12-03-2014 03h45";100.16;0;29.9;0;0;0;
"12-03-2014 04h00";93.15;0;27.2;0;0;0;
"12-03-2014 04h15";87.14;0;23.6;0;0;0;
"12-03-2014 04h30";92.15;0;28.1;0;0;0;
"12-03-2014 04h45";96.15;0;27.5;0;0;0;
"12-03-2014 05h00";89.15;0;25.8;0;0;0;
"12-03-2014 05h15";88.15;0;24.7;0;0;0;
"12-03-2014 05h30";92.15;0;24.1;0;0;0;
"12-03-2014 05h45";101.16;0;31;0;0;0;
"12-03-2014 06h00";98.15;0;27.7;0;0;0;
"12-03-2014 06h15";89.15;0;23.8;0;0;0;
"12-03-2014 06h30";105.16;0;32.4;0;0;0;
"12-03-2014 06h45";114.17;0;28.3;0;0;0;
"12-03-2014 07h00";177.61;0;46.6;0;0;0;
"12-03-2014 07h15";191.65;0;53;0;0;0;
"12-03-2014 07h30";172.59;0;44.1;0;0;0;
"12-03-2014 07h45";168.58;0;42.7;0;0;0;
"12-03-2014 08h00";140.5;0;36.9;0;0;0;
"12-03-2014 08h15";145.51;0;43.4;0;0;0;
"12-03-2014 08h30";143.5;0;43.2;0;0;0;
"12-03-2014 08h45";153.53;0;42.2;0;0;0;
"12-03-2014 09h00";169.58;0;46.8;0;0;0;
"12-03-2014 09h15";176.6;0;50.5;0;0;0;
"12-03-2014 09h30";180.62;0;52.9;0;0;0;
"12-03-2014 09h45";184.63;0;50.3;0;0;0;
"12-03-2014 10h00";176.6;0;48.5;0;0;0;
"12-03-2014 10h15";168.58;0;42.7;0;0;0;
"12-03-2014 10h30";174.6;0;47.3;0;0;0;
"12-03-2014 10h45";164.57;0;42.3;0;0;0;
"12-03-2014 11h00";181.62;0;49;0;0;0;
"12-03-2014 11h15";175.6;0;50.4;0;0;0;
"12-03-2014 11h30";177.61;0;46.6;0;0;0;
"12-03-2014 11h45";178.61;0;48.7;0;0;0;
"12-03-2014 12h00";184.63;0;52.3;0;0;0;
"12-03-2014 12h15";164.57;0;41.3;0;0;0;
"12-03-2014 12h30";184.63;0;51.3;0;0;0;
"12-03-2014 12h45";191.65;0;53;0;0;0;
"12-03-2014 13h00";189.64;0;51.8;0;0;0;
"12-03-2014 13h15";191.65;0;55;0;0;0;
"12-03-2014 13h30";174.6;0;52.3;0;0;0;
"12-03-2014 13h45";187.64;0;51.6;0;0;0;
"12-03-2014 14h00";163.56;0;46.2;0;0;0;
"12-03-2014 14h15";185.63;0;51.4;0;0;0;
"12-03-2014 14h30";170.59;0;47.9;0;0;0;
"12-03-2014 14h45";199.67;0;50.8;0;0;0;
"12-03-2014 15h00";183.62;0;50.2;0;0;0;
"12-03-2014 15h15";185.63;0;50.4;0;0;0;
"12-03-2014 15h30";180.62;0;47.9;0;0;0;
"12-03-2014 15h45";188.64;0;53.7;0;0;0;
"12-03-2014 16h00";191.65;0;51;0;0;0;
"12-03-2014 16h15";180.62;0;48.9;0;0;0;
"12-03-2014 16h30";182.62;0;51.1;0;0;0;
"12-03-2014 16h45";187.64;0;50.6;0;0;0;
"12-03-2014 17h00";204.69;0;56.3;0;0;0;
"12-03-2014 17h15";193.65;0;55.2;0;0;0;
"12-03-2014 17h30";179.61;0;50.8;0;0;0;
"12-03-2014 17h45";193.65;0;51.2;0;0;0;
"12-03-2014 18h00";181.62;0;49;0;0;0;
"12-03-2014 18h15";183.62;0;45.2;0;0;0;
"12-03-2014 18h30";179.61;0;48.8;0;0;0;
"12-03-2014 18h45";183.62;0;51.2;0;0;0;
"12-03-2014 19h00";185.63;0;50.4;0;0;0;
"12-03-2014 19h15";196.66;0;53.5;0;0;0;
"12-03-2014 19h30";207.7;0;54.6;0;0;0;
"12-03-2014 19h45";197.67;0;54.6;0;0;0;
"12-03-2014 20h00";193.65;0;54.2;0;0;0;
"12-03-2014 20h15";188.64;0;47.7;0;0;0;
"12-03-2014 20h30";196.66;0;52.5;0;0;0;
"12-03-2014 20h45";193.65;0;49.2;0;0;0;
"12-03-2014 21h00";188.64;0;48.7;0;0;0;
"12-03-2014 21h15";183.62;0;46.2;0;0;0;
"12-03-2014 21h30";178.61;0;46.7;0;0;0;
"12-03-2014 21h45";179.61;0;50.8;0;0;0;
"12-03-2014 22h00";178.61;0;46.7;0;0;0;
"12-03-2014 22h15";168.58;0;44.7;0;0;0;
"12-03-2014 22h30";147.52;0;38.6;0;0;0;
"12-03-2014 22h45";129.46;0;34.8;0;0;0;
"12-03-2014 23h00";110.16;0;30.9;0;0;0;
"12-03-2014 23h15";95.15;0;27.4;0;0;0;
"12-03-2014 23h30";84.14;0;23.3;0;0;0;
"12-03-2014 23h45";79.14;0;21.8;0;0;0;
"12-03-2014 00h00";80.14;0;21.9;0;0;0;
"13-03-2014 00h15";77.14;0;22.6;0;0;0;
"13-03-2014 00h30";86.14;0;23.5;0;0;0;
"13-03-2014 00h45";84.14;0;23.3;0;0;0;
"13-03-2014 01h00";78.14;0;22.7;0;0;0;
"13-03-2014 01h15";96.15;0;28.5;0;0;0;
"13-03-2014 01h30";95.15;0;28.4;0;0;0;
"13-03-2014 01h45";92.15;0;30.1;0;0;0;
"13-03-2014 02h00";80.14;0;24.9;0;0;0;
"13-03-2014 02h15";90.15;0;24.9;0;0;0;
"13-03-2014 02h30";87.14;0;26.6;0;0;0;
"13-03-2014 02h45";103.16;0;32.2;0;0;0;
"13-03-2014 03h00";93.15;0;29.2;0;0;0;
"13-03-2014 03h15";94.15;0;26.3;0;0;0;
"13-03-2014 03h30";88.15;0;25.7;0;0;0;
"13-03-2014 03h45";96.15;0;26.5;0;0;0;
"13-03-2014 04h00";97.15;0;28.6;0;0;0;
"13-03-2014 04h15";95.15;0;27.4;0;0;0;
"13-03-2014 04h30";90.15;0;23.9;0;0;0;
"13-03-2014 04h45";98.15;0;28.7;0;0;0;
"13-03-2014 05h00";87.14;0;25.6;0;0;0;
"13-03-2014 05h15";91.15;0;24;0;0;0;
"13-03-2014 05h30";88.15;0;25.7;0;0;0;
"13-03-2014 05h45";102.16;0;31.1;0;0;0;
"13-03-2014 06h00";101.16;0;32;0;0;0;
"13-03-2014 06h15";88.15;0;19.7;0;0;0;
"13-03-2014 06h30";105.16;0;27.4;0;0;0;
"13-03-2014 06h45";132.47;0;39.1;0;0;0;
"13-03-2014 07h00";184.63;0;48.3;0;0;0;
"13-03-2014 07h15";199.67;0;51.8;0;0;0;
"13-03-2014 07h30";169.58;0;46.8;0;0;0;
"13-03-2014 07h45";179.61;0;47.8;0;0;0;
"13-03-2014 08h00";158.55;0;41.7;0;0;0;
"13-03-2014 08h15";161.56;0;44;0;0;0;
"13-03-2014 08h30";160.56;0;45.9;0;0;0;
"13-03-2014 08h45";168.58;0;43.7;0;0;0;
"13-03-2014 09h00";165.57;0;47.4;0;0;0;
"13-03-2014 09h15";173.59;0;46.2;0;0;0;
"13-03-2014 09h30";182.62;0;53.1;0;0;0;
"13-03-2014 09h45";190.65;0;53.9;0;0;0;
"13-03-2014 10h00";180.62;0;51.9;0;0;0;
"13-03-2014 10h15";172.59;0;49.1;0;0;0;
"13-03-2014 10h30";169.58;0;45.8;0;0;0;
"13-03-2014 10h45";178.61;0;52.7;0;0;0;
"13-03-2014 11h00";175.6;0;49.4;0;0;0;
"13-03-2014 11h15";181.62;0;52;0;0;0;
"13-03-2014 11h30";189.64;0;54.8;0;0;0;
"13-03-2014 11h45";187.64;0;46.6;0;0;0;
"13-03-2014 12h00";193.65;0;50.2;0;0;0;
"13-03-2014 12h15";175.6;0;48.4;0;0;0;
"13-03-2014 12h30";201.68;0;56;0;0;0;
"13-03-2014 12h45";197.67;0;55.6;0;0;0;
"13-03-2014 13h00";183.62;0;55.2;0;0;0;
"13-03-2014 13h15";184.63;0;50.3;0;0;0;
"13-03-2014 13h30";174.6;0;47.3;0;0;0;
"13-03-2014 13h45";190.65;0;50.9;0;0;0;
"13-03-2014 14h00";187.64;0;52.6;0;0;0;
"13-03-2014 14h15";198.67;0;53.7;0;0;0;
"13-03-2014 14h30";185.63;0;50.4;0;0;0;
"13-03-2014 14h45";216.72;0;53.5;0;0;0;
"13-03-2014 15h00";187.64;0;50.6;0;0;0;
"13-03-2014 15h15";196.66;0;48.5;0;0;0;
"13-03-2014 15h30";185.63;0;50.4;0;0;0;
"13-03-2014 15h45";199.67;0;50.8;0;0;0;
"13-03-2014 16h00";197.67;0;54.6;0;0;0;
"13-03-2014 16h15";183.62;0;49.2;0;0;0;
"13-03-2014 16h30";195.66;0;45.4;0;0;0;
"13-03-2014 16h45";191.65;0;51;0;0;0;
"13-03-2014 17h00";201.68;0;56;0;0;0;
"13-03-2014 17h15";208.7;0;58.7;0;0;0;
"13-03-2014 17h30";188.64;0;53.7;0;0;0;
"13-03-2014 17h45";191.65;0;53;0;0;0;
"13-03-2014 18h00";176.6;0;47.5;0;0;0;
"13-03-2014 18h15";177.61;0;47.6;0;0;0;
"13-03-2014 18h30";198.67;0;52.7;0;0;0;
"13-03-2014 18h45";196.66;0;51.5;0;0;0;
"13-03-2014 19h00";199.67;0;51.8;0;0;0;
"13-03-2014 19h15";198.67;0;52.7;0;0;0;
"13-03-2014 19h30";196.66;0;52.5;0;0;0;
"13-03-2014 19h45";207.7;0;56.6;0;0;0;
"13-03-2014 20h00";193.65;0;51.2;0;0;0;
"13-03-2014 20h15";191.65;0;51;0;0;0;
"13-03-2014 20h30";190.65;0;49.9;0;0;0;
"13-03-2014 20h45";185.63;0;45.4;0;0;0;
"13-03-2014 21h00";186.63;0;49.5;0;0;0;
"13-03-2014 21h15";183.62;0;47.2;0;0;0;
"13-03-2014 21h30";185.63;0;51.4;0;0;0;
"13-03-2014 21h45";175.6;0;43.4;0;0;0;
"13-03-2014 22h00";180.62;0;46.9;0;0;0;
"13-03-2014 22h15";177.61;0;49.6;0;0;0;
"13-03-2014 22h30";156.54;0;43.5;0;0;0;
"13-03-2014 22h45";134.48;0;35.3;0;0;0;
"13-03-2014 23h00";117.17;0;31.6;0;0;0;
"13-03-2014 23h15";103.16;0;28.2;0;0;0;
"13-03-2014 23h30";85.14;0;26.4;0;0;0;
"13-03-2014 23h45";87.14;0;24.6;0;0;0;
"13-03-2014 00h00";83.14;0;23.2;0;0;0;
"14-03-2014 00h15";82.14;0;25.1;0;0;0;
"14-03-2014 00h30";89.15;0;20.8;0;0;0;
"14-03-2014 00h45";86.14;0;21.5;0;0;0;
"14-03-2014 01h00";86.14;0;26.5;0;0;0;
"14-03-2014 01h15";97.15;0;27.6;0;0;0;
"14-03-2014 01h30";92.15;0;25.1;0;0;0;
"14-03-2014 01h45";94.15;0;27.3;0;0;0;
"14-03-2014 02h00";96.15;0;28.5;0;0;0;
"14-03-2014 02h15";85.14;0;28.4;0;0;0;
"14-03-2014 02h30";89.15;0;25.8;0;0;0;
"14-03-2014 02h45";105.16;0;31.4;0;0;0;
"14-03-2014 03h00";94.15;0;28.3;0;0;0;
"14-03-2014 03h15";90.15;0;24.9;0;0;0;
"14-03-2014 03h30";88.15;0;26.7;0;0;0;
"14-03-2014 03h45";98.15;0;28.7;0;0;0;
"14-03-2014 04h00";94.15;0;27.3;0;0;0;
"14-03-2014 04h15";87.14;0;26.6;0;0;0;
"14-03-2014 04h30";90.15;0;25.9;0;0;0;
"14-03-2014 04h45";102.16;0;29.1;0;0;0;
"14-03-2014 05h00";98.15;0;30.7;0;0;0;
"14-03-2014 05h15";89.15;0;27.8;0;0;0;
"14-03-2014 05h30";88.15;0;25.7;0;0;0;
"14-03-2014 05h45";97.15;0;27.6;0;0;0;
"14-03-2014 06h00";89.15;0;24.8;0;0;0;
"14-03-2014 06h15";84.14;0;23.3;0;0;0;
"14-03-2014 06h30";99.15;0;25.8;0;0;0;
"14-03-2014 06h45";132.47;0;40.1;0;0;0;
"14-03-2014 07h00";171.59;0;50;0;0;0;
"14-03-2014 07h15";214.72;0;57.3;0;0;0;
"14-03-2014 07h30";185.63;0;53.4;0;0;0;
"14-03-2014 07h45";179.61;0;47.8;0;0;0;
"14-03-2014 08h00";170.59;0;45.9;0;0;0;
"14-03-2014 08h15";151.53;0;42;0;0;0;
"14-03-2014 08h30";170.59;0;47.9;0;0;0;
"14-03-2014 08h45";172.59;0;47.1;0;0;0;
"14-03-2014 09h00";169.58;0;48.8;0;0;0;
"14-03-2014 09h15";182.62;0;51.1;0;0;0;
"14-03-2014 09h30";184.63;0;52.3;0;0;0;
"14-03-2014 09h45";181.62;0;50;0;0;0;
"14-03-2014 10h00";180.62;0;48.9;0;0;0;
"14-03-2014 10h15";172.59;0;49.1;0;0;0;
"14-03-2014 10h30";170.59;0;50.9;0;0;0;
"14-03-2014 10h45";182.62;0;49.1;0;0;0;
"14-03-2014 11h00";182.62;0;49.1;0;0;0;
"14-03-2014 11h15";190.65;0;53.9;0;0;0;
"14-03-2014 11h30";190.65;0;55.9;0;0;0;
"14-03-2014 11h45";194.66;0;56.3;0;0;0;
"14-03-2014 12h00";191.65;0;48;0;0;0;
"14-03-2014 12h15";184.63;0;51.3;0;0;0;
"14-03-2014 12h30";204.69;0;51.3;0;0;0;
"14-03-2014 12h45";204.69;0;53.3;0;0;0;
"14-03-2014 13h00";208.7;0;59.7;0;0;0;
"14-03-2014 13h15";189.64;0;52.8;0;0;0;
"14-03-2014 13h30";171.59;0;47;0;0;0;
"14-03-2014 13h45";205.69;0;55.4;0;0;0;
"14-03-2014 14h00";184.63;0;52.3;0;0;0;
"14-03-2014 14h15";190.65;0;51.9;0;0;0;
"14-03-2014 14h30";176.6;0;51.5;0;0;0;
"14-03-2014 14h45";201.68;0;45;0;0;0;
"14-03-2014 15h00";184.63;0;48.3;0;0;0;
"14-03-2014 15h15";185.63;0;52.4;0;0;0;
"14-03-2014 15h30";182.62;0;52.1;0;0;0;
"14-03-2014 15h45";194.66;0;51.3;0;0;0;
"14-03-2014 16h00";197.67;0;51.6;0;0;0;
"14-03-2014 16h15";193.65;0;52.2;0;0;0;
"14-03-2014 16h30";205.69;0;50.4;0;0;0;
"14-03-2014 16h45";219.73;0;58.8;0;0;0;
"14-03-2014 17h00";198.67;0;48.7;0;0;0;
"14-03-2014 17h15";191.65;0;53;0;0;0;
"14-03-2014 17h30";194.66;0;54.3;0;0;0;
"14-03-2014 17h45";199.67;0;52.8;0;0;0;
"14-03-2014 18h00";189.64;0;51.8;0;0;0;
"14-03-2014 18h15";179.61;0;42.8;0;0;0;
"14-03-2014 18h30";201.68;0;54;0;0;0;
"14-03-2014 18h45";202.68;0;52.1;0;0;0;
"14-03-2014 19h00";204.69;0;55.3;0;0;0;
"14-03-2014 19h15";198.67;0;53.7;0;0;0;
"14-03-2014 19h30";196.66;0;51.5;0;0;0;
"14-03-2014 19h45";205.69;0;53.4;0;0;0;
"14-03-2014 20h00";207.7;0;54.6;0;0;0;
"14-03-2014 20h15";201.68;0;47;0;0;0;
"14-03-2014 20h30";197.67;0;51.6;0;0;0;
"14-03-2014 20h45";192.65;0;49.1;0;0;0;
"14-03-2014 21h00";188.64;0;50.7;0;0;0;
"14-03-2014 21h15";185.63;0;46.4;0;0;0;
"14-03-2014 21h30";186.63;0;47.5;0;0;0;
"14-03-2014 21h45";182.62;0;47.1;0;0;0;
"14-03-2014 22h00";185.63;0;48.4;0;0;0;
"14-03-2014 22h15";177.61;0;44.6;0;0;0;
"14-03-2014 22h30";159.55;0;35.8;0;0;0;
"14-03-2014 22h45";142.5;0;39.1;0;0;0;
"14-03-2014 23h00";127.46;0;34.6;0;0;0;
"14-03-2014 23h15";101.16;0;27;0;0;0;
"14-03-2014 23h30";83.14;0;24.2;0;0;0;
"14-03-2014 23h45";81.14;0;23;0;0;0;
"14-03-2014 00h00";83.14;0;23.2;0;0;0;
"15-03-2014 00h15";81.14;0;25;0;0;0;
"15-03-2014 00h30";82.14;0;23.1;0;0;0;
"15-03-2014 00h45";85.14;0;20.4;0;0;0;
"15-03-2014 01h00";80.14;0;21.9;0;0;0;
"15-03-2014 01h15";92.15;0;26.1;0;0;0;
"15-03-2014 01h30";92.15;0;25.1;0;0;0;
"15-03-2014 01h45";93.15;0;28.2;0;0;0;
"15-03-2014 02h00";89.15;0;25.8;0;0;0;
"15-03-2014 02h15";84.14;0;20.3;0;0;0;
"15-03-2014 02h30";88.15;0;26.7;0;0;0;
"15-03-2014 02h45";104.16;0;31.3;0;0;0;
"15-03-2014 03h00";93.15;0;27.2;0;0;0;
"15-03-2014 03h15";94.15;0;27.3;0;0;0;
"15-03-2014 03h30";87.14;0;23.6;0;0;0;
"15-03-2014 03h45";102.16;0;30.1;0;0;0;
"15-03-2014 04h00";92.15;0;26.1;0;0;0;
"15-03-2014 04h15";90.15;0;21.9;0;0;0;
"15-03-2014 04h30";89.15;0;23.8;0;0;0;
"15-03-2014 04h45";100.16;0;27.9;0;0;0;
"15-03-2014 05h00";93.15;0;28.2;0;0;0;
"15-03-2014 05h15";83.14;0;28.2;0;0;0;
"15-03-2014 05h30";86.14;0;22.5;0;0;0;
"15-03-2014 05h45";103.16;0;30.2;0;0;0;
"15-03-2014 06h00";91.15;0;26;0;0;0;
"15-03-2014 06h15";83.14;0;23.2;0;0;0;
"15-03-2014 06h30";101.16;0;28;0;0;0;
"15-03-2014 06h45";111.16;0;29;0;0;0;
"15-03-2014 07h00";162.56;0;41.1;0;0;0;
"15-03-2014 07h15";211.71;0;52;0;0;0;
"15-03-2014 07h30";179.61;0;46.8;0;0;0;
"15-03-2014 07h45";179.61;0;46.8;0;0;0;
"15-03-2014 08h00";161.56;0;43;0;0;0;
"15-03-2014 08h15";158.55;0;42.7;0;0;0;
"15-03-2014 08h30";173.59;0;47.2;0;0;0;
"15-03-2014 08h45";183.62;0;51.2;0;0;0;
"15-03-2014 09h00";194.66;0;52.3;0;0;0;
"15-03-2014 09h15";171.59;0;45;0;0;0;
"15-03-2014 09h30";168.58;0;49.7;0;0;0;
"15-03-2014 09h45";183.62;0;48.2;0;0;0;
"15-03-2014 10h00";194.66;0;52.3;0;0;0;
"15-03-2014 10h15";190.65;0;51.9;0;0;0;
"15-03-2014 10h30";194.66;0;54.3;0;0;0;
"15-03-2014 10h45";188.64;0;52.7;0;0;0;
"15-03-2014 11h00";183.62;0;51.2;0;0;0;
"15-03-2014 11h15";183.62;0;48.2;0;0;0;
"15-03-2014 11h30";196.66;0;55.5;0;0;0;
"15-03-2014 11h45";192.65;0;53.1;0;0;0;
"15-03-2014 12h00";199.67;0;53.8;0;0;0;
"15-03-2014 12h15";189.64;0;51.8;0;0;0;
"15-03-2014 12h30";212.71;0;55.1;0;0;0;
"15-03-2014 12h45";197.67;0;54.6;0;0;0;
"15-03-2014 13h00";202.68;0;53.1;0;0;0;
"15-03-2014 13h15";183.62;0;53.2;0;0;0;
"15-03-2014 13h30";198.67;0;56.7;0;0;0;
"15-03-2014 13h45";192.65;0;52.1;0;0;0;
"15-03-2014 14h00";194.66;0;51.3;0;0;0;
"15-03-2014 14h15";193.65;0;53.2;0;0;0;
"15-03-2014 14h30";195.66;0;53.4;0;0;0;
"15-03-2014 14h45";222.74;0;57.1;0;0;0;
"15-03-2014 15h00";222.74;0;58.1;0;0;0;
"15-03-2014 15h15";197.67;0;56.6;0;0;0;
"15-03-2014 15h30";193.65;0;52.2;0;0;0;
"15-03-2014 15h45";207.7;0;56.6;0;0;0;
"15-03-2014 16h00";202.68;0;53.1;0;0;0;
"15-03-2014 16h15";200.68;0;52.9;0;0;0;
"15-03-2014 16h30";192.65;0;49.1;0;0;0;
"15-03-2014 16h45";208.7;0;53.7;0;0;0;
"15-03-2014 17h00";198.67;0;55.7;0;0;0;
"15-03-2014 17h15";185.63;0;53.4;0;0;0;
"15-03-2014 17h30";191.65;0;50;0;0;0;
"15-03-2014 17h45";194.66;0;53.3;0;0;0;
"15-03-2014 18h00";191.65;0;52;0;0;0;
"15-03-2014 18h15";175.6;0;47.4;0;0;0;
"15-03-2014 18h30";196.66;0;54.5;0;0;0;
"15-03-2014 18h45";199.67;0;54.8;0;0;0;
"15-03-2014 19h00";198.67;0;50.7;0;0;0;
"15-03-2014 19h15";208.7;0;56.7;0;0;0;
"15-03-2014 19h30";195.66;0;52.4;0;0;0;
"15-03-2014 19h45";202.68;0;57.1;0;0;0;
"15-03-2014 20h00";202.68;0;50.1;0;0;0;
"15-03-2014 20h15";197.67;0;55.6;0;0;0;
"15-03-2014 20h30";182.62;0;48.1;0;0;0;
"15-03-2014 20h45";199.67;0;54.8;0;0;0;
"15-03-2014 21h00";178.61;0;48.7;0;0;0;
"15-03-2014 21h15";186.63;0;49.5;0;0;0;
"15-03-2014 21h30";185.63;0;49.4;0;0;0;
"15-03-2014 21h45";182.62;0;50.1;0;0;0;
"15-03-2014 22h00";181.62;0;51;0;0;0;
"15-03-2014 22h15";157.55;0;41.6;0;0;0;
"15-03-2014 22h30";147.52;0;40.6;0;0;0;
"15-03-2014 22h45";133.47;0;33.2;0;0;0;
"15-03-2014 23h00";123.17;0;31.2;0;0;0;
"15-03-2014 23h15";104.16;0;25.3;0;0;0;
"15-03-2014 23h30";88.15;0;23.7;0;0;0;
"15-03-2014 23h45";84.14;0;18.3;0;0;0;
"15-03-2014 00h00";91.15;0;25;0;0;0;
"16-03-2014 00h15";83.14;0;20.2;0;0;0;
"16-03-2014 00h30";81.14;0;21;0;0;0;
"16-03-2014 00h45";88.15;0;22.7;0;0;0;
"16-03-2014 01h00";81.14;0;19;0;0;0;
"16-03-2014 01h15";92.15;0;26.1;0;0;0;
"16-03-2014 01h30";90.15;0;24.9;0;0;0;
"16-03-2014 01h45";96.15;0;25.5;0;0;0;
"16-03-2014 02h00";92.15;0;29.1;0;0;0;
"16-03-2014 02h15";90.15;0;21.9;0;0;0;
"16-03-2014 02h30";88.15;0;22.7;0;0;0;
"16-03-2014 02h45";100.16;0;26.9;0;0;0;
"16-03-2014 03h00";97.15;0;27.6;0;0;0;
"16-03-2014 03h15";90.15;0;23.9;0;0;0;
"16-03-2014 03h30";86.14;0;23.5;0;0;0;
"16-03-2014 03h45";98.15;0;26.7;0;0;0;
"16-03-2014 04h00";95.15;0;27.4;0;0;0;
"16-03-2014 04h15";87.14;0;21.6;0;0;0;
"16-03-2014 04h30";90.15;0;25.9;0;0;0;
"16-03-2014 04h45";101.16;0;30;0;0;0;
"16-03-2014 05h00";98.15;0;26.7;0;0;0;
"16-03-2014 05h15";91.15;0;28;0;0;0;
"16-03-2014 05h30";91.15;0;25;0;0;0;
"16-03-2014 05h45";99.15;0;27.8;0;0;0;
"16-03-2014 06h00";88.15;0;24.7;0;0;0;
"16-03-2014 06h15";89.15;0;21.8;0;0;0;
"16-03-2014 06h30";100.16;0;25.9;0;0;0;
"16-03-2014 06h45";112.16;0;29.1;0;0;0;
"16-03-2014 07h00";173.59;0;43.2;0;0;0;
"16-03-2014 07h15";172.59;0;45.1;0;0;0;
"16-03-2014 07h30";182.62;0;46.1;0;0;0;
"16-03-2014 07h45";184.63;0;45.3;0;0;0;
"16-03-2014 08h00";176.6;0;41.5;0;0;0;
"16-03-2014 08h15";174.6;0;40.3;0;0;0;
"16-03-2014 08h30";161.56;0;45;0;0;0;
"16-03-2014 08h45";170.59;0;48.9;0;0;0;
"16-03-2014 09h00";177.61;0;48.6;0;0;0;
"16-03-2014 09h15";179.61;0;49.8;0;0;0;
"16-03-2014 09h30";171.59;0;46;0;0;0;
"16-03-2014 09h45";170.59;0;44.9;0;0;0;
"16-03-2014 10h00";183.62;0;49.2;0;0;0;
"16-03-2014 10h15";181.62;0;50;0;0;0;
"16-03-2014 10h30";183.62;0;50.2;0;0;0;
"16-03-2014 10h45";204.69;0;56.3;0;0;0;
"16-03-2014 11h00";188.64;0;50.7;0;0;0;
"16-03-2014 11h15";186.63;0;50.5;0;0;0;
"16-03-2014 11h30";200.68;0;51.9;0;0;0;
"16-03-2014 11h45";195.66;0;50.4;0;0;0;
"16-03-2014 12h00";198.67;0;55.7;0;0;0;
"16-03-2014 12h15";184.63;0;49.3;0;0;0;
"16-03-2014 12h30";213.71;0;54.2;0;0;0;
"16-03-2014 12h45";202.68;0;52.1;0;0;0;
"16-03-2014 13h00";203.68;0;57.2;0;0;0;
"16-03-2014 13h15";194.66;0;54.3;0;0;0;
"16-03-2014 13h30";201.68;0;51;0;0;0;
"16-03-2014 13h45";207.7;0;55.6;0;0;0;
"16-03-2014 14h00";188.64;0;51.7;0;0;0;
"16-03-2014 14h15";197.67;0;54.6;0;0;0;
"16-03-2014 14h30";184.63;0;50.3;0;0;0;
"16-03-2014 14h45";204.69;0;49.3;0;0;0;
"16-03-2014 15h00";196.66;0;52.5;0;0;0;
"16-03-2014 15h15";193.65;0;55.2;0;0;0;
"16-03-2014 15h30";201.68;0;55;0;0;0;
"16-03-2014 15h45";201.68;0;50;0;0;0;
"16-03-2014 16h00";232.77;0;58.1;0;0;0;
"16-03-2014 16h15";202.68;0;53.1;0;0;0;
"16-03-2014 16h30";205.69;0;48.4;0;0;0;
"16-03-2014 16h45";207.7;0;54.6;0;0;0;
"16-03-2014 17h00";214.72;0;52.3;0;0;0;
"16-03-2014 17h15";190.65;0;50.9;0;0;0;
"16-03-2014 17h30";193.65;0;52.2;0;0;0;
"16-03-2014 17h45";199.67;0;48.8;0;0;0;
"16-03-2014 18h00";208.7;0;52.7;0;0;0;
"16-03-2014 18h15";191.65;0;51;0;0;0;
"16-03-2014 18h30";196.66;0;54.5;0;0;0;
"16-03-2014 18h45";195.66;0;52.4;0;0;0;
"16-03-2014 19h00";204.69;0;55.3;0;0;0;
"16-03-2014 19h15";205.69;0;52.4;0;0;0;
"16-03-2014 19h30";197.67;0;53.6;0;0;0;
"16-03-2014 19h45";202.68;0;58.1;0;0;0;
"16-03-2014 20h00";192.65;0;55.1;0;0;0;
"16-03-2014 20h15";191.65;0;54;0;0;0;
"16-03-2014 20h30";187.64;0;48.6;0;0;0;
"16-03-2014 20h45";192.65;0;48.1;0;0;0;
"16-03-2014 21h00";185.63;0;50.4;0;0;0;
"16-03-2014 21h15";183.62;0;49.2;0;0;0;
"16-03-2014 21h30";180.62;0;50.9;0;0;0;
"16-03-2014 21h45";176.6;0;47.5;0;0;0;
"16-03-2014 22h00";181.62;0;50;0;0;0;
"16-03-2014 22h15";168.58;0;44.7;0;0;0;
"16-03-2014 22h30";147.52;0;36.6;0;0;0;
"16-03-2014 22h45";131.47;0;38;0;0;0;
"16-03-2014 23h00";113.17;0;27.2;0;0;0;
"16-03-2014 23h15";103.16;0;28.2;0;0;0;
"16-03-2014 23h30";90.15;0;24.9;0;0;0;
"16-03-2014 23h45";86.14;0;22.5;0;0;0;
"16-03-2014 00h00";81.14;0;20;0;0;0;
"17-03-2014 00h15";83.14;0;21.2;0;0;0;
"17-03-2014 00h30";90.15;0;24.9;0;0;0;
"17-03-2014 00h45";85.14;0;21.4;0;0;0;
"17-03-2014 01h00";85.14;0;24.4;0;0;0;
"17-03-2014 01h15";87.14;0;23.6;0;0;0;
"17-03-2014 01h30";85.14;0;26.4;0;0;0;
"17-03-2014 01h45";86.14;0;19.5;0;0;0;
"17-03-2014 02h00";81.14;0;23;0;0;0;
"17-03-2014 02h15";84.14;0;21.3;0;0;0;
"17-03-2014 02h30";82.14;0;22.1;0;0;0;
"17-03-2014 02h45";94.15;0;24.3;0;0;0;
"17-03-2014 03h00";83.14;0;23.2;0;0;0;
"17-03-2014 03h15";84.14;0;23.3;0;0;0;
"17-03-2014 03h30";82.14;0;25.1;0;0;0;
"17-03-2014 03h45";90.15;0;25.9;0;0;0;
"17-03-2014 04h00";87.14;0;22.6;0;0;0;
"17-03-2014 04h15";83.14;0;21.2;0;0;0;
"17-03-2014 04h30";82.14;0;22.1;0;0;0;
"17-03-2014 04h45";92.15;0;23.1;0;0;0;
"17-03-2014 05h00";89.15;0;22.8;0;0;0;
"17-03-2014 05h15";86.14;0;26.5;0;0;0;
"17-03-2014 05h30";80.14;0;26.9;0;0;0;
"17-03-2014 05h45";90.15;0;24.9;0;0;0;
"17-03-2014 06h00";86.14;0;21.5;0;0;0;
"17-03-2014 06h15";85.14;0;23.4;0;0;0;
"17-03-2014 06h30";100.16;0;22.9;0;0;0;
"17-03-2014 06h45";117.17;0;36.6;0;0;0;
"17-03-2014 07h00";151.53;0;40;0;0;0;
"17-03-2014 07h15";191.65;0;51;0;0;0;
"17-03-2014 07h30";201.68;0;52;0;0;0;
"17-03-2014 07h45";174.6;0;49.3;0;0;0;
"17-03-2014 08h00";148.52;0;43.7;0;0;0;
"17-03-2014 08h15";152.53;0;45.1;0;0;0;
"17-03-2014 08h30";172.59;0;51.1;0;0;0;
"17-03-2014 08h45";160.56;0;46.9;0;0;0;
"17-03-2014 09h00";168.58;0;45.7;0;0;0;
"17-03-2014 09h15";166.57;0;46.5;0;0;0;
"17-03-2014 09h30";178.61;0;52.7;0;0;0;
"17-03-2014 09h45";169.58;0;45.8;0;0;0;
"17-03-2014 10h00";173.59;0;47.2;0;0;0;
"17-03-2014 10h15";176.6;0;48.5;0;0;0;
"17-03-2014 10h30";168.58;0;46.7;0;0;0;
"17-03-2014 10h45";169.58;0;46.8;0;0;0;
"17-03-2014 11h00";167.58;0;44.6;0;0;0;
"17-03-2014 11h15";175.6;0;50.4;0;0;0;
"17-03-2014 11h30";172.59;0;47.1;0;0;0;
"17-03-2014 11h45";188.64;0;48.7;0;0;0;
"17-03-2014 12h00";182.62;0;52.1;0;0;0;
"17-03-2014 12h15";189.64;0;53.8;0;0;0;
"17-03-2014 12h30";194.66;0;54.3;0;0;0;
"17-03-2014 12h45";204.69;0;59.3;0;0;0;
"17-03-2014 13h00";195.66;0;58.4;0;0;0;
"17-03-2014 13h15";193.65;0;57.2;0;0;0;
"17-03-2014 13h30";188.64;0;55.7;0;0;0;
"17-03-2014 13h45";190.65;0;51.9;0;0;0;
"17-03-2014 14h00";193.65;0;56.2;0;0;0;
"17-03-2014 14h15";184.63;0;54.3;0;0;0;
"17-03-2014 14h30";192.65;0;55.1;0;0;0;
"17-03-2014 14h45";201.68;0;55;0;0;0;
"17-03-2014 15h00";199.67;0;54.8;0;0;0;
"17-03-2014 15h15";192.65;0;56.1;0;0;0;
"17-03-2014 15h30";197.67;0;54.6;0;0;0;
"17-03-2014 15h45";204.69;0;54.3;0;0;0;
"17-03-2014 16h00";201.68;0;50;0;0;0;
"17-03-2014 16h15";192.65;0;48.1;0;0;0;
"17-03-2014 16h30";184.63;0;53.3;0;0;0;
"17-03-2014 16h45";217.73;0;57.6;0;0;0;
"17-03-2014 17h00";201.68;0;55;0;0;0;
"17-03-2014 17h15";196.66;0;54.5;0;0;0;
"17-03-2014 17h30";195.66;0;53.4;0;0;0;
"17-03-2014 17h45";197.67;0;49.6;0;0;0;
"17-03-2014 18h00";191.65;0;50;0;0;0;
"17-03-2014 18h15";181.62;0;51;0;0;0;
"17-03-2014 18h30";194.66;0;53.3;0;0;0;
"17-03-2014 18h45";199.67;0;53.8;0;0;0;
"17-03-2014 19h00";212.71;0;54.1;0;0;0;
"17-03-2014 19h15";209.7;0;54.8;0;0;0;
"17-03-2014 19h30";205.69;0;55.4;0;0;0;
"17-03-2014 19h45";200.68;0;55.9;0;0;0;
"17-03-2014 20h00";203.68;0;57.2;0;0;0;
"17-03-2014 20h15";190.65;0;51.9;0;0;0;
"17-03-2014 20h30";189.64;0;46.8;0;0;0;
"17-03-2014 20h45";187.64;0;49.6;0;0;0;
"17-03-2014 21h00";187.64;0;52.6;0;0;0;
"17-03-2014 21h15";188.64;0;49.7;0;0;0;
"17-03-2014 21h30";185.63;0;51.4;0;0;0;
"17-03-2014 21h45";177.61;0;43.6;0;0;0;
"17-03-2014 22h00";186.63;0;49.5;0;0;0;
"17-03-2014 22h15";169.58;0;45.8;0;0;0;
"17-03-2014 22h30";146.51;0;33.5;0;0;0;
"17-03-2014 22h45";136.48;0;33.5;0;0;0;
"17-03-2014 23h00";117.17;0;33.6;0;0;0;
"17-03-2014 23h15";101.16;0;30;0;0;0;
"17-03-2014 23h30";91.15;0;24;0;0;0;
"17-03-2014 23h45";86.14;0;19.5;0;0;0;
"17-03-2014 00h00";85.14;0;23.4;0;0;0;
"18-03-2014 00h15";83.14;0;20.2;0;0;0;
"18-03-2014 00h30";86.14;0;20.5;0;0;0;
"18-03-2014 00h45";87.14;0;23.6;0;0;0;
"18-03-2014 01h00";81.14;0;19;0;0;0;
"18-03-2014 01h15";92.15;0;27.1;0;0;0;
"18-03-2014 01h30";97.15;0;29.6;0;0;0;
"18-03-2014 01h45";95.15;0;30.4;0;0;0;
"18-03-2014 02h00";93.15;0;26.2;0;0;0;
"18-03-2014 02h15";91.15;0;26;0;0;0;
"18-03-2014 02h30";93.15;0;27.2;0;0;0;
"18-03-2014 02h45";105.16;0;31.4;0;0;0;
"18-03-2014 03h00";94.15;0;26.3;0;0;0;
"18-03-2014 03h15";99.15;0;27.8;0;0;0;
"18-03-2014 03h30";89.15;0;26.8;0;0;0;
"18-03-2014 03h45";100.16;0;24.9;0;0;0;
"18-03-2014 04h00";98.15;0;24.7;0;0;0;
"18-03-2014 04h15";96.15;0;25.5;0;0;0;
"18-03-2014 04h30";89.15;0;24.8;0;0;0;
"18-03-2014 04h45";101.16;0;31;0;0;0;
"18-03-2014 05h00";95.15;0;28.4;0;0;0;
"18-03-2014 05h15";91.15;0;25;0;0;0;
"18-03-2014 05h30";92.15;0;28.1;0;0;0;
"18-03-2014 05h45";103.16;0;31.2;0;0;0;
"18-03-2014 06h00";92.15;0;25.1;0;0;0;
"18-03-2014 06h15";89.15;0;20.8;0;0;0;
"18-03-2014 06h30";107.16;0;29.6;0;0;0;
"18-03-2014 06h45";111.16;0;28;0;0;0;
"18-03-2014 07h00";156.54;0;38.5;0;0;0;
"18-03-2014 07h15";209.7;0;53.8;0;0;0;
"18-03-2014 07h30";187.64;0;51.6;0;0;0;
"18-03-2014 07h45";178.61;0;50.7;0;0;0;
"18-03-2014 08h00";169.58;0;47.8;0;0;0;
"18-03-2014 08h15";169.58;0;44.8;0;0;0;
"18-03-2014 08h30";151.53;0;44;0;0;0;
"18-03-2014 08h45";160.56;0;47.9;0;0;0;
"18-03-2014 09h00";178.61;0;48.7;0;0;0;
"18-03-2014 09h15";164.57;0;47.3;0;0;0;
"18-03-2014 09h30";164.57;0;44.3;0;0;0;
"18-03-2014 09h45";170.59;0;47.9;0;0;0;
"18-03-2014 10h00";181.62;0;51;0;0;0;
"18-03-2014 10h15";178.61;0;47.7;0;0;0;
"18-03-2014 10h30";171.59;0;46;0;0;0;
"18-03-2014 10h45";174.6;0;48.3;0;0;0;
"18-03-2014 11h00";169.58;0;41.8;0;0;0;
"18-03-2014 11h15";176.6;0;48.5;0;0;0;
"18-03-2014 11h30";186.63;0;50.5;0;0;0;
"18-03-2014 11h45";184.63;0;51.3;0;0;0;
"18-03-2014 12h00";180.62;0;49.9;0;0;0;
"18-03-2014 12h15";160.56;0;46.9;0;0;0;
"18-03-2014 12h30";171.59;0;45;0;0;0;
"18-03-2014 12h45";169.58;0;48.8;0;0;0;
"18-03-2014 13h00";163.56;0;47.2;0;0;0;
"18-03-2014 13h15";171.59;0;46;0;0;0;
"18-03-2014 13h30";168.58;0;47.7;0;0;0;
"18-03-2014 13h45";185.63;0;53.4;0;0;0;
"18-03-2014 14h00";175.6;0;48.4;0;0;0;
"18-03-2014 14h15";176.6;0;45.5;0;0;0;
"18-03-2014 14h30";178.61;0;48.7;0;0;0;
"18-03-2014 14h45";185.63;0;47.4;0;0;0;
"18-03-2014 15h00";181.62;0;55;0;0;0;
"18-03-2014 15h15";193.65;0;50.2;0;0;0;
"18-03-2014 15h30";182.62;0;50.1;0;0;0;
"18-03-2014 15h45";199.67;0;49.8;0;0;0;
"18-03-2014 16h00";203.68;0;54.2;0;0;0;
"18-03-2014 16h15";188.64;0;52.7;0;0;0;
"18-03-2014 16h30";190.65;0;52.9;0;0;0;
"18-03-2014 16h45";201.68;0;52;0;0;0;
"18-03-2014 17h00";182.62;0;48.1;0;0;0;
"18-03-2014 17h15";178.61;0;49.7;0;0;0;
"18-03-2014 17h30";181.62;0;49;0;0;0;
"18-03-2014 17h45";194.66;0;50.3;0;0;0;
"18-03-2014 18h00";195.66;0;52.4;0;0;0;
"18-03-2014 18h15";183.62;0;49.2;0;0;0;
"18-03-2014 18h30";194.66;0;51.3;0;0;0;
"18-03-2014 18h45";185.63;0;47.4;0;0;0;
"18-03-2014 19h00";191.65;0;53;0;0;0;
"18-03-2014 19h15";212.71;0;56.1;0;0;0;
"18-03-2014 19h30";199.67;0;51.8;0;0;0;
"18-03-2014 19h45";201.68;0;55;0;0;0;
"18-03-2014 20h00";191.65;0;49;0;0;0;
"18-03-2014 20h15";197.67;0;51.6;0;0;0;
"18-03-2014 20h30";189.64;0;50.8;0;0;0;
"18-03-2014 20h45";191.65;0;51;0;0;0;
"18-03-2014 21h00";175.6;0;50.4;0;0;0;
"18-03-2014 21h15";181.62;0;49;0;0;0;
"18-03-2014 21h30";174.6;0;46.3;0;0;0;
"18-03-2014 21h45";185.63;0;53.4;0;0;0;
"18-03-2014 22h00";175.6;0;48.4;0;0;0;
"18-03-2014 22h15";174.6;0;43.3;0;0;0;
"18-03-2014 22h30";160.56;0;41.9;0;0;0;
"18-03-2014 22h45";146.51;0;35.5;0;0;0;
"18-03-2014 23h00";123.17;0;31.2;0;0;0;
"18-03-2014 23h15";109.16;0;25.8;0;0;0;
"18-03-2014 23h30";108.16;0;27.7;0;0;0;
"18-03-2014 23h45";99.15;0;22.8;0;0;0;
"18-03-2014 00h00";103.16;0;28.2;0;0;0;
"19-03-2014 00h15";93.15;0;21.2;0;0;0;
"19-03-2014 00h30";107.16;0;22.6;0;0;0;
"19-03-2014 00h45";106.16;0;24.5;0;0;0;
"19-03-2014 01h00";110.16;0;26.9;0;0;0;
"19-03-2014 01h15";111.16;0;28;0;0;0;
"19-03-2014 01h30";108.16;0;28.7;0;0;0;
"19-03-2014 01h45";98.15;0;25.7;0;0;0;
"19-03-2014 02h00";87.14;0;26.6;0;0;0;
"19-03-2014 02h15";93.15;0;25.2;0;0;0;
"19-03-2014 02h30";88.15;0;24.7;0;0;0;
"19-03-2014 02h45";103.16;0;31.2;0;0;0;
"19-03-2014 03h00";93.15;0;28.2;0;0;0;
"19-03-2014 03h15";95.15;0;28.4;0;0;0;
"19-03-2014 03h30";88.15;0;21.7;0;0;0;
"19-03-2014 03h45";102.16;0;26.1;0;0;0;
"19-03-2014 04h00";91.15;0;26;0;0;0;
"19-03-2014 04h15";93.15;0;27.2;0;0;0;
"19-03-2014 04h30";89.15;0;24.8;0;0;0;
"19-03-2014 04h45";97.15;0;26.6;0;0;0;
"19-03-2014 05h00";96.15;0;27.5;0;0;0;
"19-03-2014 05h15";92.15;0;26.1;0;0;0;
"19-03-2014 05h30";87.14;0;27.6;0;0;0;
"19-03-2014 05h45";108.16;0;32.7;0;0;0;
"19-03-2014 06h00";100.16;0;29.9;0;0;0;
"19-03-2014 06h15";87.14;0;22.6;0;0;0;
"19-03-2014 06h30";111.16;0;29;0;0;0;
"19-03-2014 06h45";116.17;0;29.5;0;0;0;
"19-03-2014 07h00";162.56;0;39.1;0;0;0;
"19-03-2014 07h15";195.66;0;51.4;0;0;0;
"19-03-2014 07h30";178.61;0;48.7;0;0;0;
"19-03-2014 07h45";183.62;0;47.2;0;0;0;
"19-03-2014 08h00";177.61;0;46.6;0;0;0;
"19-03-2014 08h15";172.59;0;46.1;0;0;0;
"19-03-2014 08h30";170.59;0;46.9;0;0;0;
"19-03-2014 08h45";171.59;0;48;0;0;0;
"19-03-2014 09h00";176.6;0;51.5;0;0;0;
"19-03-2014 09h15";189.64;0;53.8;0;0;0;
"19-03-2014 09h30";192.65;0;53.1;0;0;0;
"19-03-2014 09h45";182.62;0;49.1;0;0;0;
"19-03-2014 10h00";180.62;0;49.9;0;0;0;
"19-03-2014 10h15";178.61;0;48.7;0;0;0;
"19-03-2014 10h30";180.62;0;51.9;0;0;0;
"19-03-2014 10h45";177.61;0;52.6;0;0;0;
"19-03-2014 11h00";184.63;0;51.3;0;0;0;
"19-03-2014 11h15";195.66;0;58.4;0;0;0;
"19-03-2014 11h30";186.63;0;51.5;0;0;0;
"19-03-2014 11h45";180.62;0;47.9;0;0;0;
"19-03-2014 12h00";178.61;0;49.7;0;0;0;
"19-03-2014 12h15";199.67;0;55.8;0;0;0;
"19-03-2014 12h30";198.67;0;54.7;0;0;0;
"19-03-2014 12h45";198.67;0;57.7;0;0;0;
"19-03-2014 13h00";187.64;0;52.6;0;0;0;
"19-03-2014 13h15";188.64;0;49.7;0;0;0;
"19-03-2014 13h30";193.65;0;54.2;0;0;0;
"19-03-2014 13h45";196.66;0;56.5;0;0;0;
"19-03-2014 14h00";200.68;0;55.9;0;0;0;
"19-03-2014 14h15";184.63;0;49.3;0;0;0;
"19-03-2014 14h30";190.65;0;50.9;0;0;0;
"19-03-2014 14h45";188.64;0;54.7;0;0;0;
"19-03-2014 15h00";199.67;0;49.8;0;0;0;
"19-03-2014 15h15";194.66;0;57.3;0;0;0;
"19-03-2014 15h30";193.65;0;55.2;0;0;0;
"19-03-2014 15h45";197.67;0;51.6;0;0;0;
"19-03-2014 16h00";198.67;0;50.7;0;0;0;
"19-03-2014 16h15";203.68;0;51.2;0;0;0;
"19-03-2014 16h30";188.64;0;49.7;0;0;0;
"19-03-2014 16h45";211.71;0;56;0;0;0;
"19-03-2014 17h00";211.71;0;56;0;0;0;
"19-03-2014 17h15";203.68;0;53.2;0;0;0;
"19-03-2014 17h30";204.69;0;54.3;0;0;0;
"19-03-2014 17h45";203.68;0;50.2;0;0;0;
"19-03-2014 18h00";195.66;0;52.4;0;0;0;
"19-03-2014 18h15";177.61;0;46.6;0;0;0;
"19-03-2014 18h30";187.64;0;50.6;0;0;0;
"19-03-2014 18h45";191.65;0;48;0;0;0;
"19-03-2014 19h00";198.67;0;53.7;0;0;0;
"19-03-2014 19h15";197.67;0;50.6;0;0;0;
"19-03-2014 19h30";202.68;0;47.1;0;0;0;
"19-03-2014 19h45";205.69;0;56.4;0;0;0;
"19-03-2014 20h00";198.67;0;52.7;0;0;0;
"19-03-2014 20h15";199.67;0;53.8;0;0;0;
"19-03-2014 20h30";190.65;0;47.9;0;0;0;
"19-03-2014 20h45";192.65;0;51.1;0;0;0;
"19-03-2014 21h00";192.65;0;48.1;0;0;0;
"19-03-2014 21h15";193.65;0;52.2;0;0;0;
"19-03-2014 21h30";190.65;0;51.9;0;0;0;
"19-03-2014 21h45";179.61;0;50.8;0;0;0;
"19-03-2014 22h00";176.6;0;48.5;0;0;0;
"19-03-2014 22h15";168.58;0;38.7;0;0;0;
"19-03-2014 22h30";143.5;0;37.2;0;0;0;
"19-03-2014 22h45";147.52;0;43.6;0;0;0;
"19-03-2014 23h00";125.18;0;34.4;0;0;0;
"19-03-2014 23h15";107.16;0;29.6;0;0;0;
"19-03-2014 23h30";83.14;0;22.2;0;0;0;
"19-03-2014 23h45";91.15;0;23;0;0;0;
"19-03-2014 00h00";82.14;0;24.1;0;0;0;
"20-03-2014 00h15";82.14;0;22.1;0;0;0;
"20-03-2014 00h30";87.14;0;25.6;0;0;0;
"20-03-2014 00h45";88.15;0;21.7;0;0;0;
"20-03-2014 01h00";78.14;0;19.7;0;0;0;
"20-03-2014 01h15";95.15;0;29.4;0;0;0;
"20-03-2014 01h30";95.15;0;28.4;0;0;0;
"20-03-2014 01h45";95.15;0;27.4;0;0;0;
"20-03-2014 02h00";92.15;0;27.1;0;0;0;
"20-03-2014 02h15";91.15;0;29;0;0;0;
"20-03-2014 02h30";94.15;0;28.3;0;0;0;
"20-03-2014 02h45";104.16;0;33.3;0;0;0;
"20-03-2014 03h00";98.15;0;28.7;0;0;0;
"20-03-2014 03h15";93.15;0;29.2;0;0;0;
"20-03-2014 03h30";92.15;0;27.1;0;0;0;
"20-03-2014 03h45";105.16;0;27.4;0;0;0;
"20-03-2014 04h00";99.15;0;26.8;0;0;0;
"20-03-2014 04h15";96.15;0;27.5;0;0;0;
"20-03-2014 04h30";93.15;0;27.2;0;0;0;
"20-03-2014 04h45";101.16;0;28;0;0;0;
"20-03-2014 05h00";97.15;0;31.6;0;0;0;
"20-03-2014 05h15";90.15;0;25.9;0;0;0;
"20-03-2014 05h30";87.14;0;23.6;0;0;0;
"20-03-2014 05h45";105.16;0;26.4;0;0;0;
"20-03-2014 06h00";94.15;0;27.3;0;0;0;
"20-03-2014 06h15";86.14;0;22.5;0;0;0;
"20-03-2014 06h30";105.16;0;30.4;0;0;0;
"20-03-2014 06h45";112.16;0;30.1;0;0;0;
"20-03-2014 07h00";165.57;0;43.4;0;0;0;
"20-03-2014 07h15";213.71;0;55.2;0;0;0;
"20-03-2014 07h30";170.59;0;38.9;0;0;0;
"20-03-2014 07h45";187.64;0;48.6;0;0;0;
"20-03-2014 08h00";156.54;0;40.5;0;0;0;
"20-03-2014 08h15";157.55;0;39.6;0;0;0;
"20-03-2014 08h30";157.55;0;42.6;0;0;0;
"20-03-2014 08h45";172.59;0;47.1;0;0;0;
"20-03-2014 09h00";178.61;0;52.7;0;0;0;
"20-03-2014 09h15";187.64;0;56.6;0;0;0;
"20-03-2014 09h30";185.63;0;49.4;0;0;0;
"20-03-2014 09h45";178.61;0;48.7;0;0;0;
"20-03-2014 10h00";184.63;0;48.3;0;0;0;
"20-03-2014 10h15";187.64;0;53.6;0;0;0;
"20-03-2014 10h30";176.6;0;50.5;0;0;0;
"20-03-2014 10h45";187.64;0;50.6;0;0;0;
"20-03-2014 11h00";180.62;0;51.9;0;0;0;
"20-03-2014 11h15";181.62;0;51;0;0;0;
"20-03-2014 11h30";181.62;0;48;0;0;0;
"20-03-2014 11h45";203.68;0;55.2;0;0;0;
"20-03-2014 12h00";211.71;0;56;0;0;0;
"20-03-2014 12h15";183.62;0;52.2;0;0;0;
"20-03-2014 12h30";197.67;0;50.6;0;0;0;
"20-03-2014 12h45";196.66;0;51.5;0;0;0;
"20-03-2014 13h00";187.64;0;49.6;0;0;0;
"20-03-2014 13h15";196.66;0;53.5;0;0;0;
"20-03-2014 13h30";192.65;0;56.1;0;0;0;
"20-03-2014 13h45";210.71;0;52.9;0;0;0;
"20-03-2014 14h00";194.66;0;53.3;0;0;0;
"20-03-2014 14h15";190.65;0;48.9;0;0;0;
"20-03-2014 14h30";184.63;0;54.3;0;0;0;
"20-03-2014 14h45";200.68;0;58.9;0;0;0;
"20-03-2014 15h00";204.69;0;55.3;0;0;0;
"20-03-2014 15h15";194.66;0;54.3;0;0;0;
"20-03-2014 15h30";203.68;0;56.2;0;0;0;
"20-03-2014 15h45";195.66;0;54.4;0;0;0;
"20-03-2014 16h00";198.67;0;52.7;0;0;0;
"20-03-2014 16h15";199.67;0;49.8;0;0;0;
"20-03-2014 16h30";197.67;0;53.6;0;0;0;
"20-03-2014 16h45";221.74;0;59;0;0;0;
"20-03-2014 17h00";209.7;0;53.8;0;0;0;
"20-03-2014 17h15";183.62;0;50.2;0;0;0;
"20-03-2014 17h30";197.67;0;51.6;0;0;0;
"20-03-2014 17h45";205.69;0;52.4;0;0;0;
"20-03-2014 18h00";195.66;0;47.4;0;0;0;
"20-03-2014 18h15";179.61;0;47.8;0;0;0;
"20-03-2014 18h30";198.67;0;56.7;0;0;0;
"20-03-2014 18h45";202.68;0;50.1;0;0;0;
"20-03-2014 19h00";209.7;0;55.8;0;0;0;
"20-03-2014 19h15";199.67;0;49.8;0;0;0;
"20-03-2014 19h30";203.68;0;47.2;0;0;0;
"20-03-2014 19h45";199.67;0;54.8;0;0;0;
"20-03-2014 20h00";203.68;0;54.2;0;0;0;
"20-03-2014 20h15";196.66;0;49.5;0;0;0;
"20-03-2014 20h30";187.64;0;45.6;0;0;0;
"20-03-2014 20h45";191.65;0;52;0;0;0;
"20-03-2014 21h00";186.63;0;50.5;0;0;0;
"20-03-2014 21h15";181.62;0;48;0;0;0;
"20-03-2014 21h30";179.61;0;46.8;0;0;0;
"20-03-2014 21h45";179.61;0;48.8;0;0;0;
"20-03-2014 22h00";185.63;0;45.4;0;0;0;
"20-03-2014 22h15";166.57;0;40.5;0;0;0;
"20-03-2014 22h30";141.5;0;36;0;0;0;
"20-03-2014 22h45";139.49;0;35.8;0;0;0;
"20-03-2014 23h00";123.17;0;33.2;0;0;0;
"20-03-2014 23h15";108.16;0;31.7;0;0;0;
"20-03-2014 23h30";94.15;0;23.3;0;0;0;
"20-03-2014 23h45";98.15;0;27.7;0;0;0;
"20-03-2014 00h00";85.14;0;22.4;0;0;0;
"21-03-2014 00h15";92.15;0;22.1;0;0;0;
"21-03-2014 00h30";98.15;0;28.7;0;0;0;
"21-03-2014 00h45";94.15;0;27.3;0;0;0;
"21-03-2014 01h00";92.15;0;28.1;0;0;0;
"21-03-2014 01h15";104.16;0;28.3;0;0;0;
"21-03-2014 01h30";102.16;0;25.1;0;0;0;
"21-03-2014 01h45";101.16;0;29;0;0;0;
"21-03-2014 02h00";99.15;0;23.8;0;0;0;
"21-03-2014 02h15";98.15;0;27.7;0;0;0;
"21-03-2014 02h30";97.15;0;23.6;0;0;0;
"21-03-2014 02h45";111.16;0;27;0;0;0;
"21-03-2014 03h00";107.16;0;31.6;0;0;0;
"21-03-2014 03h15";101.16;0;25;0;0;0;
"21-03-2014 03h30";102.16;0;28.1;0;0;0;
"21-03-2014 03h45";110.16;0;31.9;0;0;0;
"21-03-2014 04h00";112.16;0;33.1;0;0;0;
"21-03-2014 04h15";104.16;0;29.3;0;0;0;
"21-03-2014 04h30";102.16;0;25.1;0;0;0;
"21-03-2014 04h45";112.16;0;33.1;0;0;0;
"21-03-2014 05h00";101.16;0;26;0;0;0;
"21-03-2014 05h15";103.16;0;30.2;0;0;0;
"21-03-2014 05h30";105.16;0;32.4;0;0;0;
"21-03-2014 05h45";112.16;0;33.1;0;0;0;
"21-03-2014 06h00";96.15;0;28.5;0;0;0;
"21-03-2014 06h15";94.15;0;25.3;0;0;0;
"21-03-2014 06h30";102.16;0;30.1;0;0;0;
"21-03-2014 06h45";108.16;0;26.7;0;0;0;
"21-03-2014 07h00";164.57;0;41.3;0;0;0;
"21-03-2014 07h15";181.62;0;45;0;0;0;
"21-03-2014 07h30";171.59;0;45;0;0;0;
"21-03-2014 07h45";183.62;0;49.2;0;0;0;
"21-03-2014 08h00";157.55;0;45.6;0;0;0;
"21-03-2014 08h15";157.55;0;42.6;0;0;0;
"21-03-2014 08h30";158.55;0;47.7;0;0;0;
"21-03-2014 08h45";177.61;0;48.6;0;0;0;
"21-03-2014 09h00";184.63;0;55.3;0;0;0;
"21-03-2014 09h15";195.66;0;51.4;0;0;0;
"21-03-2014 09h30";188.64;0;53.7;0;0;0;
"21-03-2014 09h45";189.64;0;56.8;0;0;0;
"21-03-2014 10h00";186.63;0;49.5;0;0;0;
"21-03-2014 10h15";184.63;0;48.3;0;0;0;
"21-03-2014 10h30";181.62;0;51;0;0;0;
"21-03-2014 10h45";191.65;0;55;0;0;0;
"21-03-2014 11h00";192.65;0;56.1;0;0;0;
"21-03-2014 11h15";187.64;0;52.6;0;0;0;
"21-03-2014 11h30";194.66;0;51.3;0;0;0;
"21-03-2014 11h45";198.67;0;53.7;0;0;0;
"21-03-2014 12h00";195.66;0;54.4;0;0;0;
"21-03-2014 12h15";188.64;0;49.7;0;0;0;
"21-03-2014 12h30";187.64;0;52.6;0;0;0;
"21-03-2014 12h45";191.65;0;52;0;0;0;
"21-03-2014 13h00";188.64;0;53.7;0;0;0;
"21-03-2014 13h15";190.65;0;50.9;0;0;0;
"21-03-2014 13h30";182.62;0;53.1;0;0;0;
"21-03-2014 13h45";182.62;0;48.1;0;0;0;
"21-03-2014 14h00";180.62;0;50.9;0;0;0;
"21-03-2014 14h15";168.58;0;48.7;0;0;0;
"21-03-2014 14h30";178.61;0;48.7;0;0;0;
"21-03-2014 14h45";200.68;0;55.9;0;0;0;
"21-03-2014 15h00";186.63;0;50.5;0;0;0;
"21-03-2014 15h15";185.63;0;49.4;0;0;0;
"21-03-2014 15h30";185.63;0;51.4;0;0;0;
"21-03-2014 15h45";190.65;0;48.9;0;0;0;
"21-03-2014 16h00";186.63;0;48.5;0;0;0;
"21-03-2014 16h15";186.63;0;51.5;0;0;0;
"21-03-2014 16h30";181.62;0;48;0;0;0;
"21-03-2014 16h45";191.65;0;48;0;0;0;
"21-03-2014 17h00";188.64;0;51.7;0;0;0;
"21-03-2014 17h15";195.66;0;55.4;0;0;0;
"21-03-2014 17h30";200.68;0;52.9;0;0;0;
"21-03-2014 17h45";216.72;0;59.5;0;0;0;
"21-03-2014 18h00";209.7;0;55.8;0;0;0;
"21-03-2014 18h15";180.62;0;50.9;0;0;0;
"21-03-2014 18h30";196.66;0;55.5;0;0;0;
"21-03-2014 18h45";212.71;0;57.1;0;0;0;
"21-03-2014 19h00";211.71;0;54;0;0;0;
"21-03-2014 19h15";208.7;0;55.7;0;0;0;
"21-03-2014 19h30";210.71;0;54.9;0;0;0;
"21-03-2014 19h45";208.7;0;52.7;0;0;0;
"21-03-2014 20h00";203.68;0;58.2;0;0;0;
"21-03-2014 20h15";210.71;0;56.9;0;0;0;
"21-03-2014 20h30";190.65;0;50.9;0;0;0;
"21-03-2014 20h45";198.67;0;50.7;0;0;0;
"21-03-2014 21h00";192.65;0;51.1;0;0;0;
"21-03-2014 21h15";186.63;0;52.5;0;0;0;
"21-03-2014 21h30";181.62;0;47;0;0;0;
"21-03-2014 21h45";184.63;0;50.3;0;0;0;
"21-03-2014 22h00";188.64;0;51.7;0;0;0;
"21-03-2014 22h15";176.6;0;43.5;0;0;0;
"21-03-2014 22h30";150.53;0;39.9;0;0;0;
"21-03-2014 22h45";142.5;0;36.1;0;0;0;
"21-03-2014 23h00";128.46;0;38.7;0;0;0;
"21-03-2014 23h15";107.16;0;27.6;0;0;0;
"21-03-2014 23h30";94.15;0;28.3;0;0;0;
"21-03-2014 23h45";91.15;0;25;0;0;0;
"21-03-2014 00h00";95.15;0;22.4;0;0;0;
"22-03-2014 00h15";85.14;0;19.4;0;0;0;
"22-03-2014 00h30";98.15;0;28.7;0;0;0;
"22-03-2014 00h45";92.15;0;25.1;0;0;0;
"22-03-2014 01h00";87.14;0;23.6;0;0;0;
"22-03-2014 01h15";98.15;0;27.7;0;0;0;
"22-03-2014 01h30";100.16;0;31.9;0;0;0;
"22-03-2014 01h45";97.15;0;29.6;0;0;0;
"22-03-2014 02h00";94.15;0;27.3;0;0;0;
"22-03-2014 02h15";98.15;0;29.7;0;0;0;
"22-03-2014 02h30";94.15;0;27.3;0;0;0;
"22-03-2014 02h45";113.17;0;37.2;0;0;0;
"22-03-2014 03h00";102.16;0;33.1;0;0;0;
"22-03-2014 03h15";96.15;0;26.5;0;0;0;
"22-03-2014 03h30";96.15;0;28.5;0;0;0;
"22-03-2014 03h45";106.16;0;31.5;0;0;0;
"22-03-2014 04h00";102.16;0;30.1;0;0;0;
"22-03-2014 04h15";97.15;0;27.6;0;0;0;
"22-03-2014 04h30";96.15;0;29.5;0;0;0;
"22-03-2014 04h45";101.16;0;31;0;0;0;
"22-03-2014 05h00";95.15;0;26.4;0;0;0;
"22-03-2014 05h15";95.15;0;29.4;0;0;0;
"22-03-2014 05h30";94.15;0;27.3;0;0;0;
"22-03-2014 05h45";107.16;0;32.6;0;0;0;
"22-03-2014 06h00";98.15;0;28.7;0;0;0;
"22-03-2014 06h15";95.15;0;27.4;0;0;0;
"22-03-2014 06h30";102.16;0;29.1;0;0;0;
"22-03-2014 06h45";120.17;0;35.9;0;0;0;
"22-03-2014 07h00";173.59;0;47.2;0;0;0;
"22-03-2014 07h15";205.69;0;52.4;0;0;0;
"22-03-2014 07h30";183.62;0;48.2;0;0;0;
"22-03-2014 07h45";180.62;0;51.9;0;0;0;
"22-03-2014 08h00";183.62;0;47.2;0;0;0;
"22-03-2014 08h15";156.54;0;41.5;0;0;0;
"22-03-2014 08h30";173.59;0;49.2;0;0;0;
"22-03-2014 08h45";181.62;0;51;0;0;0;
"22-03-2014 09h00";182.62;0;46.1;0;0;0;
"22-03-2014 09h15";177.61;0;49.6;0;0;0;
"22-03-2014 09h30";189.64;0;53.8;0;0;0;
"22-03-2014 09h45";194.66;0;53.3;0;0;0;
"22-03-2014 10h00";191.65;0;55;0;0;0;
"22-03-2014 10h15";175.6;0;52.4;0;0;0;
"22-03-2014 10h30";184.63;0;53.3;0;0;0;
"22-03-2014 10h45";193.65;0;49.2;0;0;0;
"22-03-2014 11h00";182.62;0;51.1;0;0;0;
"22-03-2014 11h15";191.65;0;52;0;0;0;
"22-03-2014 11h30";178.61;0;49.7;0;0;0;
"22-03-2014 11h45";189.64;0;52.8;0;0;0;
"22-03-2014 12h00";192.65;0;54.1;0;0;0;
"22-03-2014 12h15";174.6;0;44.3;0;0;0;
"22-03-2014 12h30";192.65;0;52.1;0;0;0;
"22-03-2014 12h45";187.64;0;51.6;0;0;0;
"22-03-2014 13h00";197.67;0;56.6;0;0;0;
"22-03-2014 13h15";209.7;0;54.8;0;0;0;
"22-03-2014 13h30";203.68;0;54.2;0;0;0;
"22-03-2014 13h45";182.62;0;53.1;0;0;0;
"22-03-2014 14h00";172.59;0;46.1;0;0;0;
"22-03-2014 14h15";183.62;0;51.2;0;0;0;
"22-03-2014 14h30";179.61;0;51.8;0;0;0;
"22-03-2014 14h45";196.66;0;51.5;0;0;0;
"22-03-2014 15h00";181.62;0;54;0;0;0;
"22-03-2014 15h15";186.63;0;50.5;0;0;0;
"22-03-2014 15h30";181.62;0;49;0;0;0;
"22-03-2014 15h45";182.62;0;51.1;0;0;0;
"22-03-2014 16h00";180.62;0;48.9;0;0;0;
"22-03-2014 16h15";180.62;0;48.9;0;0;0;
"22-03-2014 16h30";172.59;0;48.1;0;0;0;
"22-03-2014 16h45";198.67;0;55.7;0;0;0;
"22-03-2014 17h00";193.65;0;56.2;0;0;0;
"22-03-2014 17h15";190.65;0;51.9;0;0;0;
"22-03-2014 17h30";179.61;0;48.8;0;0;0;
"22-03-2014 17h45";195.66;0;50.4;0;0;0;
"22-03-2014 18h00";193.65;0;52.2;0;0;0;
"22-03-2014 18h15";177.61;0;43.6;0;0;0;
"22-03-2014 18h30";188.64;0;50.7;0;0;0;
"22-03-2014 18h45";198.67;0;53.7;0;0;0;
"22-03-2014 19h00";186.63;0;49.5;0;0;0;
"22-03-2014 19h15";199.67;0;52.8;0;0;0;
"22-03-2014 19h30";187.64;0;50.6;0;0;0;
"22-03-2014 19h45";204.69;0;55.3;0;0;0;
"22-03-2014 20h00";207.7;0;57.6;0;0;0;
"22-03-2014 20h15";203.68;0;57.2;0;0;0;
"22-03-2014 20h30";191.65;0;51;0;0;0;
"22-03-2014 20h45";185.63;0;53.4;0;0;0;
"22-03-2014 21h00";184.63;0;46.3;0;0;0;
"22-03-2014 21h15";178.61;0;48.7;0;0;0;
"22-03-2014 21h30";174.6;0;45.3;0;0;0;
"22-03-2014 21h45";174.6;0;45.3;0;0;0;
"22-03-2014 22h00";172.59;0;48.1;0;0;0;
"22-03-2014 22h15";158.55;0;41.7;0;0;0;
"22-03-2014 22h30";145.51;0;40.4;0;0;0;
"22-03-2014 22h45";138.49;0;36.7;0;0;0;
"22-03-2014 23h00";117.17;0;29.6;0;0;0;
"22-03-2014 23h15";98.15;0;26.7;0;0;0;
"22-03-2014 23h30";83.14;0;22.2;0;0;0;
"22-03-2014 23h45";81.14;0;22;0;0;0;
"22-03-2014 00h00";80.14;0;19.9;0;0;0;
"23-03-2014 00h15";77.14;0;16.6;0;0;0;
"23-03-2014 00h30";83.14;0;20.2;0;0;0;
"23-03-2014 00h45";84.14;0;23.3;0;0;0;
"23-03-2014 01h00";81.14;0;25;0;0;0;
"23-03-2014 01h15";92.15;0;25.1;0;0;0;
"23-03-2014 01h30";90.15;0;24.9;0;0;0;
"23-03-2014 01h45";95.15;0;28.4;0;0;0;
"23-03-2014 02h00";88.15;0;24.7;0;0;0;
"23-03-2014 02h15";89.15;0;26.8;0;0;0;
"23-03-2014 02h30";84.14;0;24.3;0;0;0;
"23-03-2014 02h45";103.16;0;29.2;0;0;0;
"23-03-2014 03h00";93.15;0;27.2;0;0;0;
"23-03-2014 03h15";92.15;0;26.1;0;0;0;
"23-03-2014 03h30";90.15;0;25.9;0;0;0;
"23-03-2014 03h45";96.15;0;27.5;0;0;0;
"23-03-2014 04h00";89.15;0;24.8;0;0;0;
"23-03-2014 04h15";94.15;0;26.3;0;0;0;
"23-03-2014 04h30";90.15;0;27.9;0;0;0;
"23-03-2014 04h45";96.15;0;29.5;0;0;0;
"23-03-2014 05h00";93.15;0;28.2;0;0;0;
"23-03-2014 05h15";90.15;0;27.9;0;0;0;
"23-03-2014 05h30";86.14;0;25.5;0;0;0;
"23-03-2014 05h45";100.16;0;27.9;0;0;0;
"23-03-2014 06h00";95.15;0;27.4;0;0;0;
"23-03-2014 06h15";89.15;0;22.8;0;0;0;
"23-03-2014 06h30";101.16;0;29;0;0;0;
"23-03-2014 06h45";109.16;0;27.8;0;0;0;
"23-03-2014 07h00";187.64;0;48.6;0;0;0;
"23-03-2014 07h15";204.69;0;50.3;0;0;0;
"23-03-2014 07h30";174.6;0;46.3;0;0;0;
"23-03-2014 07h45";185.63;0;47.4;0;0;0;
"23-03-2014 08h00";175.6;0;48.4;0;0;0;
"23-03-2014 08h15";152.53;0;42.1;0;0;0;
"23-03-2014 08h30";164.57;0;48.3;0;0;0;
"23-03-2014 08h45";176.6;0;46.5;0;0;0;
"23-03-2014 09h00";180.62;0;51.9;0;0;0;
"23-03-2014 09h15";175.6;0;46.4;0;0;0;
"23-03-2014 09h30";172.59;0;46.1;0;0;0;
"23-03-2014 09h45";179.61;0;49.8;0;0;0;
"23-03-2014 10h00";168.58;0;45.7;0;0;0;
"23-03-2014 10h15";178.61;0;49.7;0;0;0;
"23-03-2014 10h30";199.67;0;55.8;0;0;0;
"23-03-2014 10h45";189.64;0;52.8;0;0;0;
"23-03-2014 11h00";187.64;0;52.6;0;0;0;
"23-03-2014 11h15";202.68;0;56.1;0;0;0;
"23-03-2014 11h30";198.67;0;54.7;0;0;0;
"23-03-2014 11h45";190.65;0;53.9;0;0;0;
"23-03-2014 12h00";191.65;0;56;0;0;0;
"23-03-2014 12h15";189.64;0;52.8;0;0;0;
"23-03-2014 12h30";196.66;0;54.5;0;0;0;
"23-03-2014 12h45";190.65;0;54.9;0;0;0;
"23-03-2014 13h00";187.64;0;52.6;0;0;0;
"23-03-2014 13h15";182.62;0;50.1;0;0;0;
"23-03-2014 13h30";170.59;0;48.9;0;0;0;
"23-03-2014 13h45";185.63;0;54.4;0;0;0;
"23-03-2014 14h00";179.61;0;48.8;0;0;0;
"23-03-2014 14h15";180.62;0;52.9;0;0;0;
"23-03-2014 14h30";166.57;0;49.5;0;0;0;
"23-03-2014 14h45";191.65;0;55;0;0;0;
"23-03-2014 15h00";176.6;0;50.5;0;0;0;
"23-03-2014 15h15";192.65;0;56.1;0;0;0;
"23-03-2014 15h30";202.68;0;54.1;0;0;0;
"23-03-2014 15h45";201.68;0;55;0;0;0;
"23-03-2014 16h00";186.63;0;54.5;0;0;0;
"23-03-2014 16h15";195.66;0;55.4;0;0;0;
"23-03-2014 16h30";183.62;0;49.2;0;0;0;
"23-03-2014 16h45";208.7;0;56.7;0;0;0;
"23-03-2014 17h00";205.69;0;57.4;0;0;0;
"23-03-2014 17h15";185.63;0;50.4;0;0;0;
"23-03-2014 17h30";174.6;0;50.3;0;0;0;
"23-03-2014 17h45";185.63;0;53.4;0;0;0;
"23-03-2014 18h00";183.62;0;50.2;0;0;0;
"23-03-2014 18h15";167.58;0;44.6;0;0;0;
"23-03-2014 18h30";181.62;0;53;0;0;0;
"23-03-2014 18h45";190.65;0;49.9;0;0;0;
"23-03-2014 19h00";185.63;0;53.4;0;0;0;
"23-03-2014 19h15";200.68;0;51.9;0;0;0;
"23-03-2014 19h30";197.67;0;51.6;0;0;0;
"23-03-2014 19h45";195.66;0;51.4;0;0;0;
"23-03-2014 20h00";200.68;0;55.9;0;0;0;
"23-03-2014 20h15";198.67;0;48.7;0;0;0;
"23-03-2014 20h30";193.65;0;50.2;0;0;0;
"23-03-2014 20h45";190.65;0;54.9;0;0;0;
"23-03-2014 21h00";201.68;0;56;0;0;0;
"23-03-2014 21h15";187.64;0;49.6;0;0;0;
"23-03-2014 21h30";173.59;0;43.2;0;0;0;
"23-03-2014 21h45";173.59;0;44.2;0;0;0;
"23-03-2014 22h00";168.58;0;44.7;0;0;0;
"23-03-2014 22h15";154.54;0;39.3;0;0;0;
"23-03-2014 22h30";143.5;0;37.2;0;0;0;
"23-03-2014 22h45";138.49;0;36.7;0;0;0;
"23-03-2014 23h00";120.17;0;32.9;0;0;0;
"23-03-2014 23h15";95.15;0;24.4;0;0;0;
"23-03-2014 23h30";88.15;0;21.7;0;0;0;
"23-03-2014 23h45";87.14;0;21.6;0;0;0;
"23-03-2014 00h00";77.14;0;20.6;0;0;0;
"24-03-2014 00h15";85.14;0;23.4;0;0;0;
"24-03-2014 00h30";83.14;0;22.2;0;0;0;
"24-03-2014 00h45";78.14;0;23.7;0;0;0;
"24-03-2014 01h00";80.14;0;25.9;0;0;0;
"24-03-2014 01h15";84.14;0;28.3;0;0;0;
"24-03-2014 01h30";80.14;0;21.9;0;0;0;
"24-03-2014 01h45";84.14;0;19.3;0;0;0;
"24-03-2014 02h00";79.14;0;21.8;0;0;0;
"24-03-2014 02h15";77.14;0;19.6;0;0;0;
"24-03-2014 02h30";78.14;0;20.7;0;0;0;
"24-03-2014 02h45";88.15;0;26.7;0;0;0;
"24-03-2014 03h00";84.14;0;26.3;0;0;0;
"24-03-2014 03h15";87.14;0;21.6;0;0;0;
"24-03-2014 03h30";82.14;0;18.1;0;0;0;
"24-03-2014 03h45";91.15;0;20;0;0;0;
"24-03-2014 04h00";82.14;0;25.1;0;0;0;
"24-03-2014 04h15";82.14;0;19.1;0;0;0;
"24-03-2014 04h30";78.14;0;21.7;0;0;0;
"24-03-2014 04h45";89.15;0;26.8;0;0;0;
"24-03-2014 05h00";81.14;0;22;0;0;0;
"24-03-2014 05h15";80.14;0;21.9;0;0;0;
"24-03-2014 05h30";80.14;0;22.9;0;0;0;
"24-03-2014 05h45";92.15;0;20.1;0;0;0;
"24-03-2014 06h00";88.15;0;24.7;0;0;0;
"24-03-2014 06h15";84.14;0;24.3;0;0;0;
"24-03-2014 06h30";89.15;0;20.8;0;0;0;
"24-03-2014 06h45";108.16;0;30.7;0;0;0;
"24-03-2014 07h00";179.61;0;43.8;0;0;0;
"24-03-2014 07h15";193.65;0;52.2;0;0;0;
"24-03-2014 07h30";171.59;0;40;0;0;0;
"24-03-2014 07h45";183.62;0;46.2;0;0;0;
"24-03-2014 08h00";177.61;0;48.6;0;0;0;
"24-03-2014 08h15";180.62;0;48.9;0;0;0;
"24-03-2014 08h30";183.62;0;55.2;0;0;0;
"24-03-2014 08h45";175.6;0;51.4;0;0;0;
"24-03-2014 09h00";177.61;0;47.6;0;0;0;
"24-03-2014 09h15";192.65;0;52.1;0;0;0;
"24-03-2014 09h30";189.64;0;53.8;0;0;0;
"24-03-2014 09h45";197.67;0;55.6;0;0;0;
"24-03-2014 10h00";181.62;0;50;0;0;0;
"24-03-2014 10h15";187.64;0;51.6;0;0;0;
"24-03-2014 10h30";186.63;0;53.5;0;0;0;
"24-03-2014 10h45";185.63;0;51.4;0;0;0;
"24-03-2014 11h00";176.6;0;51.5;0;0;0;
"24-03-2014 11h15";182.62;0;49.1;0;0;0;
"24-03-2014 11h30";179.61;0;50.8;0;0;0;
"24-03-2014 11h45";189.64;0;53.8;0;0;0;
"24-03-2014 12h00";180.62;0;48.9;0;0;0;
"24-03-2014 12h15";162.56;0;39.1;0;0;0;
"24-03-2014 12h30";185.63;0;50.4;0;0;0;
"24-03-2014 12h45";174.6;0;49.3;0;0;0;
"24-03-2014 13h00";188.64;0;49.7;0;0;0;
"24-03-2014 13h15";181.62;0;48;0;0;0;
"24-03-2014 13h30";177.61;0;49.6;0;0;0;
"24-03-2014 13h45";189.64;0;50.8;0;0;0;
"24-03-2014 14h00";178.61;0;48.7;0;0;0;
"24-03-2014 14h15";179.61;0;50.8;0;0;0;
"24-03-2014 14h30";184.63;0;52.3;0;0;0;
"24-03-2014 14h45";195.66;0;53.4;0;0;0;
"24-03-2014 15h00";179.61;0;49.8;0;0;0;
"24-03-2014 15h15";183.62;0;51.2;0;0;0;
"24-03-2014 15h30";182.62;0;54.1;0;0;0;
"24-03-2014 15h45";190.65;0;51.9;0;0;0;
"24-03-2014 16h00";185.63;0;49.4;0;0;0;
"24-03-2014 16h15";187.64;0;53.6;0;0;0;
"24-03-2014 16h30";183.62;0;51.2;0;0;0;
"24-03-2014 16h45";199.67;0;51.8;0;0;0;
"24-03-2014 17h00";189.64;0;51.8;0;0;0;
"24-03-2014 17h15";185.63;0;54.4;0;0;0;
"24-03-2014 17h30";190.65;0;51.9;0;0;0;
"24-03-2014 17h45";197.67;0;52.6;0;0;0;
"24-03-2014 18h00";186.63;0;49.5;0;0;0;
"24-03-2014 18h15";164.57;0;39.3;0;0;0;
"24-03-2014 18h30";196.66;0;50.5;0;0;0;
"24-03-2014 18h45";188.64;0;46.7;0;0;0;
"24-03-2014 19h00";178.61;0;45.7;0;0;0;
"24-03-2014 19h15";206.69;0;52.5;0;0;0;
"24-03-2014 19h30";202.68;0;51.1;0;0;0;
"24-03-2014 19h45";202.68;0;52.1;0;0;0;
"24-03-2014 20h00";198.67;0;49.7;0;0;0;
"24-03-2014 20h15";194.66;0;47.3;0;0;0;
"24-03-2014 20h30";190.65;0;49.9;0;0;0;
"24-03-2014 20h45";184.63;0;47.3;0;0;0;
"24-03-2014 21h00";188.64;0;53.7;0;0;0;
"24-03-2014 21h15";183.62;0;48.2;0;0;0;
"24-03-2014 21h30";176.6;0;50.5;0;0;0;
"24-03-2014 21h45";178.61;0;47.7;0;0;0;
"24-03-2014 22h00";187.64;0;48.6;0;0;0;
"24-03-2014 22h15";170.59;0;45.9;0;0;0;
"24-03-2014 22h30";146.51;0;41.5;0;0;0;
"24-03-2014 22h45";124.17;0;33.3;0;0;0;
"24-03-2014 23h00";113.17;0;31.2;0;0;0;
"24-03-2014 23h15";94.15;0;25.3;0;0;0;
"24-03-2014 23h30";83.14;0;23.2;0;0;0;
"24-03-2014 23h45";82.14;0;20.1;0;0;0;
"24-03-2014 00h00";83.14;0;21.2;0;0;0;
"25-03-2014 00h15";78.14;0;21.7;0;0;0;
"25-03-2014 00h30";85.14;0;23.4;0;0;0;
"25-03-2014 00h45";81.14;0;23;0;0;0;
"25-03-2014 01h00";84.14;0;23.3;0;0;0;
"25-03-2014 01h15";100.16;0;28.9;0;0;0;
"25-03-2014 01h30";95.15;0;26.4;0;0;0;
"25-03-2014 01h45";97.15;0;26.6;0;0;0;
"25-03-2014 02h00";90.15;0;25.9;0;0;0;
"25-03-2014 02h15";87.14;0;25.6;0;0;0;
"25-03-2014 02h30";88.15;0;24.7;0;0;0;
"25-03-2014 02h45";98.15;0;28.7;0;0;0;
"25-03-2014 03h00";94.15;0;29.3;0;0;0;
"25-03-2014 03h15";94.15;0;27.3;0;0;0;
"25-03-2014 03h30";94.15;0;25.3;0;0;0;
"25-03-2014 03h45";108.16;0;32.7;0;0;0;
"25-03-2014 04h00";101.16;0;32;0;0;0;
"25-03-2014 04h15";98.15;0;28.7;0;0;0;
"25-03-2014 04h30";92.15;0;29.1;0;0;0;
"25-03-2014 04h45";97.15;0;28.6;0;0;0;
"25-03-2014 05h00";90.15;0;22.9;0;0;0;
"25-03-2014 05h15";94.15;0;29.3;0;0;0;
"25-03-2014 05h30";98.15;0;26.7;0;0;0;
"25-03-2014 05h45";105.16;0;30.4;0;0;0;
"25-03-2014 06h00";98.15;0;30.7;0;0;0;
"25-03-2014 06h15";95.15;0;28.4;0;0;0;
"25-03-2014 06h30";103.16;0;27.2;0;0;0;
"25-03-2014 06h45";107.16;0;26.6;0;0;0;
"25-03-2014 07h00";172.59;0;42.1;0;0;0;
"25-03-2014 07h15";194.66;0;50.3;0;0;0;
"25-03-2014 07h30";170.59;0;44.9;0;0;0;
"25-03-2014 07h45";187.64;0;49.6;0;0;0;
"25-03-2014 08h00";176.6;0;48.5;0;0;0;
"25-03-2014 08h15";159.55;0;45.8;0;0;0;
"25-03-2014 08h30";153.53;0;40.2;0;0;0;
"25-03-2014 08h45";174.6;0;49.3;0;0;0;
"25-03-2014 09h00";168.58;0;49.7;0;0;0;
"25-03-2014 09h15";178.61;0;50.7;0;0;0;
"25-03-2014 09h30";184.63;0;51.3;0;0;0;
"25-03-2014 09h45";191.65;0;53;0;0;0;
"25-03-2014 10h00";203.68;0;59.2;0;0;0;
"25-03-2014 10h15";188.64;0;53.7;0;0;0;
"25-03-2014 10h30";176.6;0;47.5;0;0;0;
"25-03-2014 10h45";172.59;0;48.1;0;0;0;
"25-03-2014 11h00";175.6;0;47.4;0;0;0;
"25-03-2014 11h15";189.64;0;54.8;0;0;0;
"25-03-2014 11h30";177.61;0;49.6;0;0;0;
"25-03-2014 11h45";179.61;0;47.8;0;0;0;
"25-03-2014 12h00";186.63;0;49.5;0;0;0;
"25-03-2014 12h15";172.59;0;48.1;0;0;0;
"25-03-2014 12h30";177.61;0;48.6;0;0;0;
"25-03-2014 12h45";177.61;0;45.6;0;0;0;
"25-03-2014 13h00";179.61;0;49.8;0;0;0;
"25-03-2014 13h15";181.62;0;52;0;0;0;
"25-03-2014 13h30";164.57;0;44.3;0;0;0;
"25-03-2014 13h45";174.6;0;48.3;0;0;0;
"25-03-2014 14h00";167.58;0;45.6;0;0;0;
"25-03-2014 14h15";181.62;0;50;0;0;0;
"25-03-2014 14h30";177.61;0;49.6;0;0;0;
"25-03-2014 14h45";190.65;0;53.9;0;0;0;
"25-03-2014 15h00";171.59;0;47;0;0;0;
"25-03-2014 15h15";172.59;0;48.1;0;0;0;
"25-03-2014 15h30";176.6;0;46.5;0;0;0;
"25-03-2014 15h45";189.64;0;53.8;0;0;0;
"25-03-2014 16h00";187.64;0;57.6;0;0;0;
"25-03-2014 16h15";175.6;0;47.4;0;0;0;
"25-03-2014 16h30";176.6;0;46.5;0;0;0;
"25-03-2014 16h45";186.63;0;52.5;0;0;0;
"25-03-2014 17h00";183.62;0;54.2;0;0;0;
"25-03-2014 17h15";190.65;0;51.9;0;0;0;
"25-03-2014 17h30";198.67;0;54.7;0;0;0;
"25-03-2014 17h45";197.67;0;56.6;0;0;0;
"25-03-2014 18h00";186.63;0;52.5;0;0;0;
"25-03-2014 18h15";169.58;0;43.8;0;0;0;
"25-03-2014 18h30";189.64;0;50.8;0;0;0;
"25-03-2014 18h45";197.67;0;49.6;0;0;0;
"25-03-2014 19h00";203.68;0;48.2;0;0;0;
"25-03-2014 19h15";198.67;0;49.7;0;0;0;
"25-03-2014 19h30";196.66;0;56.5;0;0;0;
"25-03-2014 19h45";192.65;0;50.1;0;0;0;
"25-03-2014 20h00";189.64;0;52.8;0;0;0;
"25-03-2014 20h15";189.64;0;52.8;0;0;0;
"25-03-2014 20h30";177.61;0;50.6;0;0;0;
"25-03-2014 20h45";182.62;0;52.1;0;0;0;
"25-03-2014 21h00";183.62;0;52.2;0;0;0;
"25-03-2014 21h15";190.65;0;52.9;0;0;0;
"25-03-2014 21h30";184.63;0;51.3;0;0;0;
"25-03-2014 21h45";176.6;0;43.5;0;0;0;
"25-03-2014 22h00";184.63;0;52.3;0;0;0;
"25-03-2014 22h15";173.59;0;45.2;0;0;0;
"25-03-2014 22h30";147.52;0;41.6;0;0;0;
"25-03-2014 22h45";143.5;0;41.2;0;0;0;
"25-03-2014 23h00";122.17;0;32.1;0;0;0;
"25-03-2014 23h15";99.15;0;25.8;0;0;0;
"25-03-2014 23h30";87.14;0;19.6;0;0;0;
"25-03-2014 23h45";88.15;0;25.7;0;0;0;
"25-03-2014 00h00";89.15;0;22.8;0;0;0;
"26-03-2014 00h15";80.14;0;21.9;0;0;0;
"26-03-2014 00h30";89.15;0;22.8;0;0;0;
"26-03-2014 00h45";91.15;0;22;0;0;0;
"26-03-2014 01h00";87.14;0;19.6;0;0;0;
"26-03-2014 01h15";101.16;0;30;0;0;0;
"26-03-2014 01h30";98.15;0;33.7;0;0;0;
"26-03-2014 01h45";96.15;0;27.5;0;0;0;
"26-03-2014 02h00";97.15;0;29.6;0;0;0;
"26-03-2014 02h15";89.15;0;23.8;0;0;0;
"26-03-2014 02h30";96.15;0;27.5;0;0;0;
"26-03-2014 02h45";109.16;0;37.8;0;0;0;
"26-03-2014 03h00";97.15;0;32.6;0;0;0;
"26-03-2014 03h15";98.15;0;29.7;0;0;0;
"26-03-2014 03h30";92.15;0;23.1;0;0;0;
"26-03-2014 03h45";103.16;0;31.2;0;0;0;
"26-03-2014 04h00";96.15;0;28.5;0;0;0;
"26-03-2014 04h15";97.15;0;25.6;0;0;0;
"26-03-2014 04h30";94.15;0;28.3;0;0;0;
"26-03-2014 04h45";100.16;0;31.9;0;0;0;
"26-03-2014 05h00";94.15;0;29.3;0;0;0;
"26-03-2014 05h15";90.15;0;24.9;0;0;0;
"26-03-2014 05h30";88.15;0;26.7;0;0;0;
"26-03-2014 05h45";104.16;0;32.3;0;0;0;
"26-03-2014 06h00";100.16;0;27.9;0;0;0;
"26-03-2014 06h15";87.14;0;21.6;0;0;0;
"26-03-2014 06h30";108.16;0;31.7;0;0;0;
"26-03-2014 06h45";107.16;0;29.6;0;0;0;
"26-03-2014 07h00";181.62;0;47;0;0;0;
"26-03-2014 07h15";181.62;0;42;0;0;0;
"26-03-2014 07h30";178.61;0;49.7;0;0;0;
"26-03-2014 07h45";190.65;0;51.9;0;0;0;
"26-03-2014 08h00";191.65;0;54;0;0;0;
"26-03-2014 08h15";166.57;0;47.5;0;0;0;
"26-03-2014 08h30";157.55;0;45.6;0;0;0;
"26-03-2014 08h45";174.6;0;52.3;0;0;0;
"26-03-2014 09h00";164.57;0;50.3;0;0;0;
"26-03-2014 09h15";175.6;0;50.4;0;0;0;
"26-03-2014 09h30";180.62;0;52.9;0;0;0;
"26-03-2014 09h45";192.65;0;56.1;0;0;0;
"26-03-2014 10h00";177.61;0;48.6;0;0;0;
"26-03-2014 10h15";185.63;0;49.4;0;0;0;
"26-03-2014 10h30";193.65;0;51.2;0;0;0;
"26-03-2014 10h45";179.61;0;49.8;0;0;0;
"26-03-2014 11h00";176.6;0;48.5;0;0;0;
"26-03-2014 11h15";189.64;0;53.8;0;0;0;
"26-03-2014 11h30";177.61;0;45.6;0;0;0;
"26-03-2014 11h45";184.63;0;51.3;0;0;0;
"26-03-2014 12h00";185.63;0;48.4;0;0;0;
"26-03-2014 12h15";165.57;0;44.4;0;0;0;
"26-03-2014 12h30";178.61;0;48.7;0;0;0;
"26-03-2014 12h45";171.59;0;48;0;0;0;
"26-03-2014 13h00";167.58;0;46.6;0;0;0;
"26-03-2014 13h15";167.58;0;43.6;0;0;0;
"26-03-2014 13h30";170.59;0;49.9;0;0;0;
"26-03-2014 13h45";183.62;0;54.2;0;0;0;
"26-03-2014 14h00";178.61;0;51.7;0;0;0;
"26-03-2014 14h15";172.59;0;47.1;0;0;0;
"26-03-2014 14h30";166.57;0;45.5;0;0;0;
"26-03-2014 14h45";180.62;0;50.9;0;0;0;
"26-03-2014 15h00";178.61;0;47.7;0;0;0;
"26-03-2014 15h15";174.6;0;49.3;0;0;0;
"26-03-2014 15h30";174.6;0;48.3;0;0;0;
"26-03-2014 15h45";185.63;0;51.4;0;0;0;
"26-03-2014 16h00";181.62;0;50;0;0;0;
"26-03-2014 16h15";176.6;0;49.5;0;0;0;
"26-03-2014 16h30";178.61;0;49.7;0;0;0;
"26-03-2014 16h45";197.67;0;56.6;0;0;0;
"26-03-2014 17h00";194.66;0;55.3;0;0;0;
"26-03-2014 17h15";181.62;0;52;0;0;0;
"26-03-2014 17h30";183.62;0;47.2;0;0;0;
"26-03-2014 17h45";188.64;0;50.7;0;0;0;
"26-03-2014 18h00";184.63;0;51.3;0;0;0;
"26-03-2014 18h15";170.59;0;44.9;0;0;0;
"26-03-2014 18h30";176.6;0;47.5;0;0;0;
"26-03-2014 18h45";182.62;0;49.1;0;0;0;
"26-03-2014 19h00";186.63;0;46.5;0;0;0;
"26-03-2014 19h15";198.67;0;50.7;0;0;0;
"26-03-2014 19h30";191.65;0;53;0;0;0;
"26-03-2014 19h45";187.64;0;48.6;0;0;0;
"26-03-2014 20h00";192.65;0;51.1;0;0;0;
"26-03-2014 20h15";199.67;0;56.8;0;0;0;
"26-03-2014 20h30";202.68;0;55.1;0;0;0;
"26-03-2014 20h45";175.6;0;47.4;0;0;0;
"26-03-2014 21h00";175.6;0;41.4;0;0;0;
"26-03-2014 21h15";181.62;0;54;0;0;0;
"26-03-2014 21h30";181.62;0;51;0;0;0;
"26-03-2014 21h45";176.6;0;48.5;0;0;0;
"26-03-2014 22h00";176.6;0;49.5;0;0;0;
"26-03-2014 22h15";162.56;0;36.1;0;0;0;
"26-03-2014 22h30";144.51;0;40.3;0;0;0;
"26-03-2014 22h45";130.47;0;37.9;0;0;0;
"26-03-2014 23h00";111.16;0;28;0;0;0;
"26-03-2014 23h15";93.15;0;26.2;0;0;0;
"26-03-2014 23h30";82.14;0;25.1;0;0;0;
"26-03-2014 23h45";78.14;0;20.7;0;0;0;
"26-03-2014 00h00";78.14;0;20.7;0;0;0;
"27-03-2014 00h15";76.14;0;18.5;0;0;0;
"27-03-2014 00h30";76.14;0;14.5;0;0;0;
"27-03-2014 00h45";85.14;0;24.4;0;0;0;
"27-03-2014 01h00";80.14;0;17.9;0;0;0;
"27-03-2014 01h15";94.15;0;26.3;0;0;0;
"27-03-2014 01h30";97.15;0;30.6;0;0;0;
"27-03-2014 01h45";95.15;0;30.4;0;0;0;
"27-03-2014 02h00";89.15;0;25.8;0;0;0;
"27-03-2014 02h15";87.14;0;24.6;0;0;0;
"27-03-2014 02h30";95.15;0;29.4;0;0;0;
"27-03-2014 02h45";100.16;0;29.9;0;0;0;
"27-03-2014 03h00";92.15;0;28.1;0;0;0;
"27-03-2014 03h15";92.15;0;27.1;0;0;0;
"27-03-2014 03h30";86.14;0;24.5;0;0;0;
"27-03-2014 03h45";101.16;0;29;0;0;0;
"27-03-2014 04h00";99.15;0;30.8;0;0;0;
"27-03-2014 04h15";92.15;0;27.1;0;0;0;
"27-03-2014 04h30";93.15;0;27.2;0;0;0;
"27-03-2014 04h45";104.16;0;30.3;0;0;0;
"27-03-2014 05h00";93.15;0;29.2;0;0;0;
"27-03-2014 05h15";94.15;0;29.3;0;0;0;
"27-03-2014 05h30";92.15;0;29.1;0;0;0;
"27-03-2014 05h45";104.16;0;32.3;0;0;0;
"27-03-2014 06h00";95.15;0;29.4;0;0;0;
"27-03-2014 06h15";89.15;0;24.8;0;0;0;
"27-03-2014 06h30";106.16;0;27.5;0;0;0;
"27-03-2014 06h45";113.17;0;32.2;0;0;0;
"27-03-2014 07h00";173.59;0;45.2;0;0;0;
"27-03-2014 07h15";187.64;0;50.6;0;0;0;
"27-03-2014 07h30";166.57;0;48.5;0;0;0;
"27-03-2014 07h45";175.6;0;47.4;0;0;0;
"27-03-2014 08h00";174.6;0;46.3;0;0;0;
"27-03-2014 08h15";147.52;0;41.6;0;0;0;
"27-03-2014 08h30";142.5;0;40.1;0;0;0;
"27-03-2014 08h45";151.53;0;44;0;0;0;
"27-03-2014 09h00";156.54;0;43.5;0;0;0;
"27-03-2014 09h15";174.6;0;50.3;0;0;0;
"27-03-2014 09h30";169.58;0;48.8;0;0;0;
"27-03-2014 09h45";175.6;0;50.4;0;0;0;
"27-03-2014 10h00";197.67;0;49.6;0;0;0;
"27-03-2014 10h15";183.62;0;52.2;0;0;0;
"27-03-2014 10h30";188.64;0;52.7;0;0;0;
"27-03-2014 10h45";183.62;0;49.2;0;0;0;
"27-03-2014 11h00";178.61;0;51.7;0;0;0;
"27-03-2014 11h15";182.62;0;50.1;0;0;0;
"27-03-2014 11h30";189.64;0;53.8;0;0;0;
"27-03-2014 11h45";177.61;0;47.6;0;0;0;
"27-03-2014 12h00";174.6;0;52.3;0;0;0;
"27-03-2014 12h15";169.58;0;46.8;0;0;0;
"27-03-2014 12h30";175.6;0;48.4;0;0;0;
"27-03-2014 12h45";176.6;0;50.5;0;0;0;
"27-03-2014 13h00";174.6;0;49.3;0;0;0;
"27-03-2014 13h15";190.65;0;50.9;0;0;0;
"27-03-2014 13h30";186.63;0;53.5;0;0;0;
"27-03-2014 13h45";187.64;0;50.6;0;0;0;
"27-03-2014 14h00";169.58;0;43.8;0;0;0;
"27-03-2014 14h15";171.59;0;48;0;0;0;
"27-03-2014 14h30";166.57;0;44.5;0;0;0;
"27-03-2014 14h45";183.62;0;53.2;0;0;0;
"27-03-2014 15h00";172.59;0;47.1;0;0;0;
"27-03-2014 15h15";163.56;0;44.2;0;0;0;
"27-03-2014 15h30";170.59;0;47.9;0;0;0;
"27-03-2014 15h45";176.6;0;47.5;0;0;0;
"27-03-2014 16h00";171.59;0;48;0;0;0;
"27-03-2014 16h15";175.6;0;50.4;0;0;0;
"27-03-2014 16h30";183.62;0;50.2;0;0;0;
"27-03-2014 16h45";192.65;0;53.1;0;0;0;
"27-03-2014 17h00";180.62;0;50.9;0;0;0;
"27-03-2014 17h15";179.61;0;52.8;0;0;0;
"27-03-2014 17h30";177.61;0;46.6;0;0;0;
"27-03-2014 17h45";189.64;0;52.8;0;0;0;
"27-03-2014 18h00";184.63;0;53.3;0;0;0;
"27-03-2014 18h15";166.57;0;43.5;0;0;0;
"27-03-2014 18h30";180.62;0;48.9;0;0;0;
"27-03-2014 18h45";188.64;0;48.7;0;0;0;
"27-03-2014 19h00";192.65;0;53.1;0;0;0;
"27-03-2014 19h15";193.65;0;49.2;0;0;0;
"27-03-2014 19h30";192.65;0;54.1;0;0;0;
"27-03-2014 19h45";205.69;0;54.4;0;0;0;
"27-03-2014 20h00";197.67;0;53.6;0;0;0;
"27-03-2014 20h15";183.62;0;47.2;0;0;0;
"27-03-2014 20h30";182.62;0;48.1;0;0;0;
"27-03-2014 20h45";188.64;0;50.7;0;0;0;
"27-03-2014 21h00";185.63;0;50.4;0;0;0;
"27-03-2014 21h15";175.6;0;46.4;0;0;0;
"27-03-2014 21h30";181.62;0;52;0;0;0;
"27-03-2014 21h45";178.61;0;45.7;0;0;0;
"27-03-2014 22h00";177.61;0;48.6;0;0;0;
"27-03-2014 22h15";164.57;0;40.3;0;0;0;
"27-03-2014 22h30";141.5;0;38;0;0;0;
"27-03-2014 22h45";134.48;0;36.3;0;0;0;
"27-03-2014 23h00";131.47;0;37;0;0;0;
"27-03-2014 23h15";101.16;0;27;0;0;0;
"27-03-2014 23h30";81.14;0;19;0;0;0;
"27-03-2014 23h45";76.14;0;22.5;0;0;0;
"27-03-2014 00h00";85.14;0;21.4;0;0;0;
"28-03-2014 00h15";78.14;0;15.7;0;0;0;
"28-03-2014 00h30";78.14;0;17.7;0;0;0;
"28-03-2014 00h45";85.14;0;27.4;0;0;0;
"28-03-2014 01h00";84.14;0;20.3;0;0;0;
"28-03-2014 01h15";99.15;0;26.8;0;0;0;
"28-03-2014 01h30";95.15;0;27.4;0;0;0;
"28-03-2014 01h45";96.15;0;28.5;0;0;0;
"28-03-2014 02h00";95.15;0;26.4;0;0;0;
"28-03-2014 02h15";91.15;0;24;0;0;0;
"28-03-2014 02h30";92.15;0;27.1;0;0;0;
"28-03-2014 02h45";106.16;0;32.5;0;0;0;
"28-03-2014 03h00";99.15;0;28.8;0;0;0;
"28-03-2014 03h15";92.15;0;25.1;0;0;0;
"28-03-2014 03h30";93.15;0;25.2;0;0;0;
"28-03-2014 03h45";104.16;0;32.3;0;0;0;
"28-03-2014 04h00";97.15;0;30.6;0;0;0;
"28-03-2014 04h15";91.15;0;25;0;0;0;
"28-03-2014 04h30";93.15;0;27.2;0;0;0;
"28-03-2014 04h45";106.16;0;31.5;0;0;0;
"28-03-2014 05h00";94.15;0;28.3;0;0;0;
"28-03-2014 05h15";95.15;0;25.4;0;0;0;
"28-03-2014 05h30";96.15;0;28.5;0;0;0;
"28-03-2014 05h45";103.16;0;27.2;0;0;0;
"28-03-2014 06h00";95.15;0;27.4;0;0;0;
"28-03-2014 06h15";95.15;0;28.4;0;0;0;
"28-03-2014 06h30";102.16;0;25.1;0;0;0;
"28-03-2014 06h45";115.17;0;32.4;0;0;0;
"28-03-2014 07h00";200.68;0;51.9;0;0;0;
"28-03-2014 07h15";202.68;0;54.1;0;0;0;
"28-03-2014 07h30";183.62;0;50.2;0;0;0;
"28-03-2014 07h45";174.6;0;41.3;0;0;0;
"28-03-2014 08h00";165.57;0;41.4;0;0;0;
"28-03-2014 08h15";148.52;0;39.7;0;0;0;
"28-03-2014 08h30";152.53;0;41.1;0;0;0;
"28-03-2014 08h45";174.6;0;46.3;0;0;0;
"28-03-2014 09h00";168.58;0;43.7;0;0;0;
"28-03-2014 09h15";179.61;0;50.8;0;0;0;
"28-03-2014 09h30";176.6;0;48.5;0;0;0;
"28-03-2014 09h45";179.61;0;48.8;0;0;0;
"28-03-2014 10h00";184.63;0;50.3;0;0;0;
"28-03-2014 10h15";169.58;0;47.8;0;0;0;
"28-03-2014 10h30";177.61;0;49.6;0;0;0;
"28-03-2014 10h45";195.66;0;55.4;0;0;0;
"28-03-2014 11h00";193.65;0;59.2;0;0;0;
"28-03-2014 11h15";181.62;0;55;0;0;0;
"28-03-2014 11h30";178.61;0;51.7;0;0;0;
"28-03-2014 11h45";201.68;0;55;0;0;0;
"28-03-2014 12h00";192.65;0;53.1;0;0;0;
"28-03-2014 12h15";180.62;0;53.9;0;0;0;
"28-03-2014 12h30";190.65;0;52.9;0;0;0;
"28-03-2014 12h45";176.6;0;50.5;0;0;0;
"28-03-2014 13h00";175.6;0;50.4;0;0;0;
"28-03-2014 13h15";170.59;0;47.9;0;0;0;
"28-03-2014 13h30";169.58;0;46.8;0;0;0;
"28-03-2014 13h45";169.58;0;47.8;0;0;0;
"28-03-2014 14h00";174.6;0;51.3;0;0;0;
"28-03-2014 14h15";173.59;0;51.2;0;0;0;
"28-03-2014 14h30";158.55;0;47.7;0;0;0;
"28-03-2014 14h45";180.62;0;52.9;0;0;0;
"28-03-2014 15h00";185.63;0;53.4;0;0;0;
"28-03-2014 15h15";179.61;0;51.8;0;0;0;
"28-03-2014 15h30";160.56;0;46.9;0;0;0;
"28-03-2014 15h45";178.61;0;47.7;0;0;0;
"28-03-2014 16h00";166.57;0;47.5;0;0;0;
"28-03-2014 16h15";181.62;0;50;0;0;0;
"28-03-2014 16h30";180.62;0;46.9;0;0;0;
"28-03-2014 16h45";198.67;0;52.7;0;0;0;
"28-03-2014 17h00";189.64;0;51.8;0;0;0;
"28-03-2014 17h15";205.69;0;55.4;0;0;0;
"28-03-2014 17h30";184.63;0;48.3;0;0;0;
"28-03-2014 17h45";174.6;0;46.3;0;0;0;
"28-03-2014 18h00";175.6;0;47.4;0;0;0;
"28-03-2014 18h15";161.56;0;39;0;0;0;
"28-03-2014 18h30";171.59;0;44;0;0;0;
"28-03-2014 18h45";182.62;0;45.1;0;0;0;
"28-03-2014 19h00";182.62;0;48.1;0;0;0;
"28-03-2014 19h15";192.65;0;51.1;0;0;0;
"28-03-2014 19h30";191.65;0;51;0;0;0;
"28-03-2014 19h45";201.68;0;56;0;0;0;
"28-03-2014 20h00";192.65;0;49.1;0;0;0;
"28-03-2014 20h15";199.67;0;55.8;0;0;0;
"28-03-2014 20h30";184.63;0;49.3;0;0;0;
"28-03-2014 20h45";184.63;0;49.3;0;0;0;
"28-03-2014 21h00";185.63;0;52.4;0;0;0;
"28-03-2014 21h15";181.62;0;50;0;0;0;
"28-03-2014 21h30";179.61;0;49.8;0;0;0;
"28-03-2014 21h45";181.62;0;45;0;0;0;
"28-03-2014 22h00";173.59;0;47.2;0;0;0;
"28-03-2014 22h15";166.57;0;45.5;0;0;0;
"28-03-2014 22h30";141.5;0;37;0;0;0;
"28-03-2014 22h45";138.49;0;35.7;0;0;0;
"28-03-2014 23h00";119.17;0;29.8;0;0;0;
"28-03-2014 23h15";94.15;0;25.3;0;0;0;
"28-03-2014 23h30";79.14;0;22.8;0;0;0;
"28-03-2014 23h45";79.14;0;24.8;0;0;0;
"28-03-2014 00h00";78.14;0;21.7;0;0;0;
"29-03-2014 00h15";73.13;0;18.2;0;0;0;
"29-03-2014 00h30";79.14;0;19.8;0;0;0;
"29-03-2014 00h45";80.14;0;22.9;0;0;0;
"29-03-2014 01h00";79.14;0;22.8;0;0;0;
"29-03-2014 01h15";88.15;0;26.7;0;0;0;
"29-03-2014 01h30";98.15;0;29.7;0;0;0;
"29-03-2014 01h45";97.15;0;28.6;0;0;0;
"29-03-2014 02h00";93.15;0;26.2;0;0;0;
"29-03-2014 02h15";90.15;0;23.9;0;0;0;
"29-03-2014 02h30";91.15;0;28;0;0;0;
"29-03-2014 02h45";104.16;0;32.3;0;0;0;
"29-03-2014 03h00";94.15;0;25.3;0;0;0;
"29-03-2014 03h15";89.15;0;22.8;0;0;0;
"29-03-2014 03h30";94.15;0;25.3;0;0;0;
"29-03-2014 03h45";110.16;0;30.9;0;0;0;
"29-03-2014 04h00";96.15;0;29.5;0;0;0;
"29-03-2014 04h15";95.15;0;27.4;0;0;0;
"29-03-2014 04h30";90.15;0;23.9;0;0;0;
"29-03-2014 04h45";97.15;0;28.6;0;0;0;
"29-03-2014 05h00";89.15;0;26.8;0;0;0;
"29-03-2014 05h15";93.15;0;28.2;0;0;0;
"29-03-2014 05h30";90.15;0;25.9;0;0;0;
"29-03-2014 05h45";97.15;0;25.6;0;0;0;
"29-03-2014 06h00";92.15;0;28.1;0;0;0;
"29-03-2014 06h15";90.15;0;23.9;0;0;0;
"29-03-2014 06h30";101.16;0;26;0;0;0;
"29-03-2014 06h45";117.17;0;34.6;0;0;0;
"29-03-2014 07h00";183.62;0;47.2;0;0;0;
"29-03-2014 07h15";209.7;0;58.8;0;0;0;
"29-03-2014 07h30";177.61;0;47.6;0;0;0;
"29-03-2014 07h45";181.62;0;45;0;0;0;
"29-03-2014 08h00";169.58;0;41.8;0;0;0;
"29-03-2014 08h15";165.57;0;44.4;0;0;0;
"29-03-2014 08h30";177.61;0;45.6;0;0;0;
"29-03-2014 08h45";189.64;0;50.8;0;0;0;
"29-03-2014 09h00";189.64;0;51.8;0;0;0;
"29-03-2014 09h15";186.63;0;47.5;0;0;0;
"29-03-2014 09h30";183.62;0;49.2;0;0;0;
"29-03-2014 09h45";198.67;0;50.7;0;0;0;
"29-03-2014 10h00";190.65;0;56.9;0;0;0;
"29-03-2014 10h15";178.61;0;49.7;0;0;0;
"29-03-2014 10h30";186.63;0;50.5;0;0;0;
"29-03-2014 10h45";188.64;0;51.7;0;0;0;
"29-03-2014 11h00";181.62;0;52;0;0;0;
"29-03-2014 11h15";171.59;0;49;0;0;0;
"29-03-2014 11h30";187.64;0;49.6;0;0;0;
"29-03-2014 11h45";175.6;0;49.4;0;0;0;
"29-03-2014 12h00";187.64;0;47.6;0;0;0;
"29-03-2014 12h15";184.63;0;47.3;0;0;0;
"29-03-2014 12h30";189.64;0;49.8;0;0;0;
"29-03-2014 12h45";185.63;0;50.4;0;0;0;
"29-03-2014 13h00";192.65;0;50.1;0;0;0;
"29-03-2014 13h15";188.64;0;49.7;0;0;0;
"29-03-2014 13h30";178.61;0;49.7;0;0;0;
"29-03-2014 13h45";178.61;0;45.7;0;0;0;
"29-03-2014 14h00";180.62;0;49.9;0;0;0;
"29-03-2014 14h15";175.6;0;44.4;0;0;0;
"29-03-2014 14h30";189.64;0;50.8;0;0;0;
"29-03-2014 14h45";203.68;0;57.2;0;0;0;
"29-03-2014 15h00";183.62;0;52.2;0;0;0;
"29-03-2014 15h15";180.62;0;48.9;0;0;0;
"29-03-2014 15h30";179.61;0;48.8;0;0;0;
"29-03-2014 15h45";192.65;0;53.1;0;0;0;
"29-03-2014 16h00";184.63;0;50.3;0;0;0;
"29-03-2014 16h15";175.6;0;47.4;0;0;0;
"29-03-2014 16h30";180.62;0;47.9;0;0;0;
"29-03-2014 16h45";194.66;0;53.3;0;0;0;
"29-03-2014 17h00";176.6;0;46.5;0;0;0;
"29-03-2014 17h15";189.64;0;53.8;0;0;0;
"29-03-2014 17h30";182.62;0;46.1;0;0;0;
"29-03-2014 17h45";191.65;0;55;0;0;0;
"29-03-2014 18h00";202.68;0;54.1;0;0;0;
"29-03-2014 18h15";171.59;0;43;0;0;0;
"29-03-2014 18h30";175.6;0;41.4;0;0;0;
"29-03-2014 18h45";192.65;0;51.1;0;0;0;
"29-03-2014 19h00";186.63;0;46.5;0;0;0;
"29-03-2014 19h15";198.67;0;54.7;0;0;0;
"29-03-2014 19h30";180.62;0;47.9;0;0;0;
"29-03-2014 19h45";186.63;0;53.5;0;0;0;
"29-03-2014 20h00";200.68;0;53.9;0;0;0;
"29-03-2014 20h15";202.68;0;55.1;0;0;0;
"29-03-2014 20h30";188.64;0;51.7;0;0;0;
"29-03-2014 20h45";187.64;0;50.6;0;0;0;
"29-03-2014 21h00";182.62;0;50.1;0;0;0;
"29-03-2014 21h15";180.62;0;51.9;0;0;0;
"29-03-2014 21h30";184.63;0;53.3;0;0;0;
"29-03-2014 21h45";175.6;0;47.4;0;0;0;
"29-03-2014 22h00";180.62;0;49.9;0;0;0;
"29-03-2014 22h15";160.56;0;38.9;0;0;0;
"29-03-2014 22h30";137.49;0;34.6;0;0;0;
"29-03-2014 22h45";135.48;0;34.4;0;0;0;
"29-03-2014 23h00";127.46;0;34.6;0;0;0;
"29-03-2014 23h15";95.15;0;24.4;0;0;0;
"29-03-2014 23h30";78.14;0;21.7;0;0;0;
"29-03-2014 23h45";79.14;0;21.8;0;0;0;
"29-03-2014 00h00";80.14;0;19.9;0;0;0;
"30-03-2014 00h15";81.14;0;19;0;0;0;
"30-03-2014 00h30";82.14;0;19.1;0;0;0;
"30-03-2014 00h45";81.14;0;22;0;0;0;
"30-03-2014 01h00";1.08;0;0;0;0;0;
"30-03-2014 01h15";1.08;0;0;0;0;0;
"30-03-2014 01h30";1.08;0;0;0;0;0;
"30-03-2014 01h45";1.08;0;0;0;0;0;
"30-03-2014 02h00";82.14;0;21.1;0;0;0;
"30-03-2014 02h15";91.15;0;25;0;0;0;
"30-03-2014 02h30";89.15;0;21.8;0;0;0;
"30-03-2014 02h45";108.16;0;34.7;0;0;0;
"30-03-2014 03h00";101.16;0;28;0;0;0;
"30-03-2014 03h15";91.15;0;25;0;0;0;
"30-03-2014 03h30";91.15;0;23;0;0;0;
"30-03-2014 03h45";98.15;0;28.7;0;0;0;
"30-03-2014 04h00";93.15;0;29.2;0;0;0;
"30-03-2014 04h15";91.15;0;28;0;0;0;
"30-03-2014 04h30";96.15;0;26.5;0;0;0;
"30-03-2014 04h45";106.16;0;30.5;0;0;0;
"30-03-2014 05h00";91.15;0;26;0;0;0;
"30-03-2014 05h15";92.15;0;21.1;0;0;0;
"30-03-2014 05h30";89.15;0;19.8;0;0;0;
"30-03-2014 05h45";106.16;0;28.5;0;0;0;
"30-03-2014 06h00";91.15;0;26;0;0;0;
"30-03-2014 06h15";83.14;0;27.2;0;0;0;
"30-03-2014 06h30";97.15;0;26.6;0;0;0;
"30-03-2014 06h45";116.17;0;29.5;0;0;0;
"30-03-2014 07h00";200.68;0;49.9;0;0;0;
"30-03-2014 07h15";194.66;0;51.3;0;0;0;
"30-03-2014 07h30";176.6;0;46.5;0;0;0;
"30-03-2014 07h45";181.62;0;45;0;0;0;
"30-03-2014 08h00";155.54;0;42.4;0;0;0;
"30-03-2014 08h15";151.53;0;40;0;0;0;
"30-03-2014 08h30";157.55;0;41.6;0;0;0;
"30-03-2014 08h45";157.55;0;42.6;0;0;0;
"30-03-2014 09h00";171.59;0;46;0;0;0;
"30-03-2014 09h15";185.63;0;50.4;0;0;0;
"30-03-2014 09h30";185.63;0;50.4;0;0;0;
"30-03-2014 09h45";180.62;0;45.9;0;0;0;
"30-03-2014 10h00";183.62;0;52.2;0;0;0;
"30-03-2014 10h15";182.62;0;49.1;0;0;0;
"30-03-2014 10h30";190.65;0;51.9;0;0;0;
"30-03-2014 10h45";196.66;0;49.5;0;0;0;
"30-03-2014 11h00";192.65;0;50.1;0;0;0;
"30-03-2014 11h15";178.61;0;46.7;0;0;0;
"30-03-2014 11h30";187.64;0;49.6;0;0;0;
"30-03-2014 11h45";185.63;0;49.4;0;0;0;
"30-03-2014 12h00";187.64;0;53.6;0;0;0;
"30-03-2014 12h15";184.63;0;48.3;0;0;0;
"30-03-2014 12h30";192.65;0;46.1;0;0;0;
"30-03-2014 12h45";202.68;0;54.1;0;0;0;
"30-03-2014 13h00";190.65;0;50.9;0;0;0;
"30-03-2014 13h15";175.6;0;44.4;0;0;0;
"30-03-2014 13h30";189.64;0;51.8;0;0;0;
"30-03-2014 13h45";192.65;0;53.1;0;0;0;
"30-03-2014 14h00";185.63;0;51.4;0;0;0;
"30-03-2014 14h15";176.6;0;47.5;0;0;0;
"30-03-2014 14h30";163.56;0;43.2;0;0;0;
"30-03-2014 14h45";191.65;0;52;0;0;0;
"30-03-2014 15h00";191.65;0;54;0;0;0;
"30-03-2014 15h15";193.65;0;49.2;0;0;0;
"30-03-2014 15h30";187.64;0;49.6;0;0;0;
"30-03-2014 15h45";201.68;0;56;0;0;0;
"30-03-2014 16h00";193.65;0;53.2;0;0;0;
"30-03-2014 16h15";189.64;0;51.8;0;0;0;
"30-03-2014 16h30";179.61;0;48.8;0;0;0;
"30-03-2014 16h45";198.67;0;51.7;0;0;0;
"30-03-2014 17h00";191.65;0;52;0;0;0;
"30-03-2014 17h15";203.68;0;52.2;0;0;0;
"30-03-2014 17h30";182.62;0;50.1;0;0;0;
"30-03-2014 17h45";184.63;0;52.3;0;0;0;
"30-03-2014 18h00";180.62;0;48.9;0;0;0;
"30-03-2014 18h15";172.59;0;44.1;0;0;0;
"30-03-2014 18h30";188.64;0;51.7;0;0;0;
"30-03-2014 18h45";194.66;0;51.3;0;0;0;
"30-03-2014 19h00";187.64;0;45.6;0;0;0;
"30-03-2014 19h15";181.62;0;47;0;0;0;
"30-03-2014 19h30";178.61;0;44.7;0;0;0;
"30-03-2014 19h45";194.66;0;51.3;0;0;0;
"30-03-2014 20h00";188.64;0;51.7;0;0;0;
"30-03-2014 20h15";193.65;0;51.2;0;0;0;
"30-03-2014 20h30";183.62;0;52.2;0;0;0;
"30-03-2014 20h45";194.66;0;54.3;0;0;0;
"30-03-2014 21h00";187.64;0;52.6;0;0;0;
"30-03-2014 21h15";181.62;0;48;0;0;0;
"30-03-2014 21h30";182.62;0;49.1;0;0;0;
"30-03-2014 21h45";177.61;0;46.6;0;0;0;
"30-03-2014 22h00";183.62;0;51.2;0;0;0;
"30-03-2014 22h15";161.56;0;41;0;0;0;
"30-03-2014 22h30";144.51;0;39.3;0;0;0;
"30-03-2014 22h45";134.48;0;33.3;0;0;0;
"30-03-2014 23h00";117.17;0;32.6;0;0;0;
"30-03-2014 23h15";107.16;0;31.6;0;0;0;
"30-03-2014 23h30";89.15;0;24.8;0;0;0;
"30-03-2014 23h45";85.14;0;24.4;0;0;0;
"30-03-2014 00h00";85.14;0;24.4;0;0;0;
"31-03-2014 00h15";79.14;0;17.8;0;0;0;
"31-03-2014 00h30";91.15;0;23;0;0;0;
"31-03-2014 00h45";89.15;0;24.8;0;0;0;
"31-03-2014 01h00";88.15;0;16.7;0;0;0;
"31-03-2014 01h15";88.15;0;21.7;0;0;0;
"31-03-2014 01h30";87.14;0;23.6;0;0;0;
"31-03-2014 01h45";82.14;0;19.1;0;0;0;
"31-03-2014 02h00";87.14;0;22.6;0;0;0;
"31-03-2014 02h15";85.14;0;19.4;0;0;0;
"31-03-2014 02h30";82.14;0;21.1;0;0;0;
"31-03-2014 02h45";100.16;0;24.9;0;0;0;
"31-03-2014 03h00";89.15;0;23.8;0;0;0;
"31-03-2014 03h15";88.15;0;23.7;0;0;0;
"31-03-2014 03h30";85.14;0;20.4;0;0;0;
"31-03-2014 03h45";94.15;0;26.3;0;0;0;
"31-03-2014 04h00";88.15;0;23.7;0;0;0;
"31-03-2014 04h15";83.14;0;19.2;0;0;0;
"31-03-2014 04h30";85.14;0;19.4;0;0;0;
"31-03-2014 04h45";93.15;0;23.2;0;0;0;
"31-03-2014 05h00";87.14;0;21.6;0;0;0;
"31-03-2014 05h15";81.14;0;22;0;0;0;
"31-03-2014 05h30";85.14;0;23.4;0;0;0;
"31-03-2014 05h45";95.15;0;28.4;0;0;0;
"31-03-2014 06h00";91.15;0;23;0;0;0;
"31-03-2014 06h15";80.14;0;18.9;0;0;0;
"31-03-2014 06h30";93.15;0;27.2;0;0;0;
"31-03-2014 06h45";104.16;0;27.3;0;0;0;
"31-03-2014 07h00";159.55;0;41.8;0;0;0;
"31-03-2014 07h15";163.56;0;43.2;0;0;0;
"31-03-2014 07h30";170.59;0;46.9;0;0;0;
"31-03-2014 07h45";177.61;0;47.6;0;0;0;
"31-03-2014 08h00";163.56;0;43.2;0;0;0;
"31-03-2014 08h15";164.57;0;42.3;0;0;0;
"31-03-2014 08h30";160.56;0;41.9;0;0;0;
"31-03-2014 08h45";169.58;0;45.8;0;0;0;
"31-03-2014 09h00";172.59;0;49.1;0;0;0;
"31-03-2014 09h15";191.65;0;50;0;0;0;
"31-03-2014 09h30";192.65;0;52.1;0;0;0;
"31-03-2014 09h45";188.64;0;55.7;0;0;0;
"31-03-2014 10h00";183.62;0;51.2;0;0;0;
"31-03-2014 10h15";187.64;0;52.6;0;0;0;
"31-03-2014 10h30";190.65;0;55.9;0;0;0;
"31-03-2014 10h45";196.66;0;53.5;0;0;0;
"31-03-2014 11h00";182.62;0;48.1;0;0;0;
"31-03-2014 11h15";185.63;0;53.4;0;0;0;
"31-03-2014 11h30";182.62;0;55.1;0;0;0;
"31-03-2014 11h45";184.63;0;52.3;0;0;0;
"31-03-2014 12h00";187.64;0;53.6;0;0;0;
"31-03-2014 12h15";186.63;0;53.5;0;0;0;
"31-03-2014 12h30";184.63;0;45.3;0;0;0;
"31-03-2014 12h45";181.62;0;50;0;0;0;
"31-03-2014 13h00";177.61;0;48.6;0;0;0;
"31-03-2014 13h15";170.59;0;46.9;0;0;0;
"31-03-2014 13h30";177.61;0;49.6;0;0;0;
"31-03-2014 13h45";178.61;0;48.7;0;0;0;
"31-03-2014 14h00";177.61;0;51.6;0;0;0;
"31-03-2014 14h15";180.62;0;45.9;0;0;0;
"31-03-2014 14h30";166.57;0;46.5;0;0;0;
"31-03-2014 14h45";181.62;0;48;0;0;0;
"31-03-2014 15h00";180.62;0;46.9;0;0;0;
"31-03-2014 15h15";191.65;0;56;0;0;0;
"31-03-2014 15h30";192.65;0;54.1;0;0;0;
"31-03-2014 15h45";187.64;0;53.6;0;0;0;
"31-03-2014 16h00";172.59;0;44.1;0;0;0;
"31-03-2014 16h15";178.61;0;46.7;0;0;0;
"31-03-2014 16h30";189.64;0;51.8;0;0;0;
"31-03-2014 16h45";225.75;0;63.4;0;0;0;
"31-03-2014 17h00";194.66;0;54.3;0;0;0;
"31-03-2014 17h15";188.64;0;52.7;0;0;0;
"31-03-2014 17h30";186.63;0;48.5;0;0;0;
"31-03-2014 17h45";192.65;0;55.1;0;0;0;
"31-03-2014 18h00";194.66;0;54.3;0;0;0;
"31-03-2014 18h15";180.62;0;50.9;0;0;0;
"31-03-2014 18h30";186.63;0;50.5;0;0;0;
"31-03-2014 18h45";175.6;0;47.4;0;0;0;
"31-03-2014 19h00";178.61;0;49.7;0;0;0;
"31-03-2014 19h15";195.66;0;51.4;0;0;0;
"31-03-2014 19h30";184.63;0;49.3;0;0;0;
"31-03-2014 19h45";200.68;0;53.9;0;0;0;
"31-03-2014 20h00";192.65;0;53.1;0;0;0;
"31-03-2014 20h15";199.67;0;51.8;0;0;0;
"31-03-2014 20h30";194.66;0;52.3;0;0;0;
"31-03-2014 20h45";193.65;0;52.2;0;0;0;
"31-03-2014 21h00";200.68;0;53.9;0;0;0;
"31-03-2014 21h15";193.65;0;54.2;0;0;0;
"31-03-2014 21h30";186.63;0;48.5;0;0;0;
"31-03-2014 21h45";180.62;0;47.9;0;0;0;
"31-03-2014 22h00";185.63;0;50.4;0;0;0;
"31-03-2014 22h15";173.59;0;49.2;0;0;0;
"31-03-2014 22h30";169.58;0;45.8;0;0;0;
"31-03-2014 22h45";140.5;0;37.9;0;0;0;
"31-03-2014 23h00";127.46;0;33.6;0;0;0;
"31-03-2014 23h15";113.17;0;33.2;0;0;0;
"31-03-2014 23h30";114.17;0;31.3;0;0;0;
"31-03-2014 23h45";113.17;0;33.2;0;0;0;
"31-03-2014 00h00";110.16;0;32.9;0;0;0;
"01-04-2014 00h15";99.15;0;27.8;0;0;0;
"01-04-2014 00h30";106.16;0;34.5;0;0;0;
"01-04-2014 00h45";108.16;0;31.7;0;0;0;
"01-04-2014 01h00";104.16;0;30.3;0;0;0;
"01-04-2014 01h15";102.16;0;28.1;0;0;0;
"01-04-2014 01h30";102.16;0;25.1;0;0;0;
"01-04-2014 01h45";108.16;0;29.7;0;0;0;
"01-04-2014 02h00";99.15;0;27.8;0;0;0;
"01-04-2014 02h15";104.16;0;30.3;0;0;0;
"01-04-2014 02h30";112.16;0;32.1;0;0;0;
"01-04-2014 02h45";124.17;0;33.3;0;0;0;
"01-04-2014 03h00";120.17;0;32.9;0;0;0;
"01-04-2014 03h15";123.17;0;37.2;0;0;0;
"01-04-2014 03h30";108.16;0;26.7;0;0;0;
"01-04-2014 03h45";113.17;0;34.2;0;0;0;
"01-04-2014 04h00";113.17;0;33.2;0;0;0;
"01-04-2014 04h15";101.16;0;29;0;0;0;
"01-04-2014 04h30";103.16;0;31.2;0;0;0;
"01-04-2014 04h45";111.16;0;34;0;0;0;
"01-04-2014 05h00";106.16;0;27.5;0;0;0;
"01-04-2014 05h15";101.16;0;28;0;0;0;
"01-04-2014 05h30";103.16;0;33.2;0;0;0;
"01-04-2014 05h45";112.16;0;33.1;0;0;0;
"01-04-2014 06h00";107.16;0;33.6;0;0;0;
"01-04-2014 06h15";102.16;0;27.1;0;0;0;
"01-04-2014 06h30";111.16;0;31;0;0;0;
"01-04-2014 06h45";123.17;0;37.2;0;0;0;
"01-04-2014 07h00";170.59;0;43.9;0;0;0;
"01-04-2014 07h15";210.71;0;55.9;0;0;0;
"01-04-2014 07h30";189.64;0;47.8;0;0;0;
"01-04-2014 07h45";189.64;0;50.8;0;0;0;
"01-04-2014 08h00";184.63;0;47.3;0;0;0;
"01-04-2014 08h15";168.58;0;48.7;0;0;0;
"01-04-2014 08h30";160.56;0;41.9;0;0;0;
"01-04-2014 08h45";166.57;0;45.5;0;0;0;
"01-04-2014 09h00";169.58;0;46.8;0;0;0;
"01-04-2014 09h15";175.6;0;48.4;0;0;0;
"01-04-2014 09h30";165.57;0;47.4;0;0;0;
"01-04-2014 09h45";168.58;0;47.7;0;0;0;
"01-04-2014 10h00";178.61;0;49.7;0;0;0;
"01-04-2014 10h15";192.65;0;56.1;0;0;0;
"01-04-2014 10h30";193.65;0;50.2;0;0;0;
"01-04-2014 10h45";200.68;0;55.9;0;0;0;
"01-04-2014 11h00";183.62;0;50.2;0;0;0;
"01-04-2014 11h15";177.61;0;52.6;0;0;0;
"01-04-2014 11h30";177.61;0;46.6;0;0;0;
"01-04-2014 11h45";183.62;0;52.2;0;0;0;
"01-04-2014 12h00";192.65;0;51.1;0;0;0;
"01-04-2014 12h15";174.6;0;43.3;0;0;0;
"01-04-2014 12h30";182.62;0;51.1;0;0;0;
"01-04-2014 12h45";177.61;0;46.6;0;0;0;
"01-04-2014 13h00";167.58;0;44.6;0;0;0;
"01-04-2014 13h15";185.63;0;49.4;0;0;0;
"01-04-2014 13h30";190.65;0;49.9;0;0;0;
"01-04-2014 13h45";180.62;0;48.9;0;0;0;
"01-04-2014 14h00";181.62;0;50;0;0;0;
"01-04-2014 14h15";172.59;0;49.1;0;0;0;
"01-04-2014 14h30";164.57;0;47.3;0;0;0;
"01-04-2014 14h45";191.65;0;53;0;0;0;
"01-04-2014 15h00";183.62;0;51.2;0;0;0;
"01-04-2014 15h15";185.63;0;51.4;0;0;0;
"01-04-2014 15h30";185.63;0;53.4;0;0;0;
"01-04-2014 15h45";184.63;0;49.3;0;0;0;
"01-04-2014 16h00";191.65;0;56;0;0;0;
"01-04-2014 16h15";176.6;0;44.5;0;0;0;
"01-04-2014 16h30";175.6;0;47.4;0;0;0;
"01-04-2014 16h45";205.69;0;53.4;0;0;0;
"01-04-2014 17h00";206.69;0;54.5;0;0;0;
"01-04-2014 17h15";188.64;0;49.7;0;0;0;
"01-04-2014 17h30";183.62;0;51.2;0;0;0;
"01-04-2014 17h45";194.66;0;54.3;0;0;0;
"01-04-2014 18h00";202.68;0;47.1;0;0;0;
"01-04-2014 18h15";176.6;0;46.5;0;0;0;
"01-04-2014 18h30";181.62;0;45;0;0;0;
"01-04-2014 18h45";172.59;0;47.1;0;0;0;
"01-04-2014 19h00";180.62;0;48.9;0;0;0;
"01-04-2014 19h15";198.67;0;53.7;0;0;0;
"01-04-2014 19h30";203.68;0;55.2;0;0;0;
"01-04-2014 19h45";198.67;0;52.7;0;0;0;
"01-04-2014 20h00";208.7;0;53.7;0;0;0;
"01-04-2014 20h15";195.66;0;55.4;0;0;0;
"01-04-2014 20h30";185.63;0;49.4;0;0;0;
"01-04-2014 20h45";190.65;0;46.9;0;0;0;
"01-04-2014 21h00";180.62;0;48.9;0;0;0;
"01-04-2014 21h15";192.65;0;52.1;0;0;0;
"01-04-2014 21h30";190.65;0;52.9;0;0;0;
"01-04-2014 21h45";185.63;0;55.4;0;0;0;
"01-04-2014 22h00";192.65;0;55.1;0;0;0;
"01-04-2014 22h15";181.62;0;50;0;0;0;
"01-04-2014 22h30";163.56;0;43.2;0;0;0;
"01-04-2014 22h45";148.52;0;39.7;0;0;0;
"01-04-2014 23h00";131.47;0;29;0;0;0;
"01-04-2014 23h15";112.16;0;31.1;0;0;0;
"01-04-2014 23h30";101.16;0;30;0;0;0;
"01-04-2014 23h45";93.15;0;27.2;0;0;0;
"01-04-2014 00h00";100.16;0;27.9;0;0;0;
"02-04-2014 00h15";77.14;0;15.6;0;0;0;
"02-04-2014 00h30";87.14;0;23.6;0;0;0;
"02-04-2014 00h45";88.15;0;21.7;0;0;0;
"02-04-2014 01h00";83.14;0;18.2;0;0;0;
"02-04-2014 01h15";87.14;0;20.6;0;0;0;
"02-04-2014 01h30";85.14;0;22.4;0;0;0;
"02-04-2014 01h45";87.14;0;27.6;0;0;0;
"02-04-2014 02h00";86.14;0;26.5;0;0;0;
"02-04-2014 02h15";97.15;0;28.6;0;0;0;
"02-04-2014 02h30";95.15;0;24.4;0;0;0;
"02-04-2014 02h45";110.16;0;34.9;0;0;0;
"02-04-2014 03h00";98.15;0;26.7;0;0;0;
"02-04-2014 03h15";95.15;0;28.4;0;0;0;
"02-04-2014 03h30";98.15;0;30.7;0;0;0;
"02-04-2014 03h45";103.16;0;28.2;0;0;0;
"02-04-2014 04h00";97.15;0;28.6;0;0;0;
"02-04-2014 04h15";95.15;0;28.4;0;0;0;
"02-04-2014 04h30";94.15;0;30.3;0;0;0;
"02-04-2014 04h45";101.16;0;27;0;0;0;
"02-04-2014 05h00";96.15;0;25.5;0;0;0;
"02-04-2014 05h15";92.15;0;25.1;0;0;0;
"02-04-2014 05h30";90.15;0;28.9;0;0;0;
"02-04-2014 05h45";106.16;0;33.5;0;0;0;
"02-04-2014 06h00";97.15;0;27.6;0;0;0;
"02-04-2014 06h15";93.15;0;26.2;0;0;0;
"02-04-2014 06h30";103.16;0;32.2;0;0;0;
"02-04-2014 06h45";112.16;0;29.1;0;0;0;
"02-04-2014 07h00";154.54;0;36.3;0;0;0;
"02-04-2014 07h15";195.66;0;51.4;0;0;0;
"02-04-2014 07h30";171.59;0;48;0;0;0;
"02-04-2014 07h45";180.62;0;43.9;0;0;0;
"02-04-2014 08h00";173.59;0;40.2;0;0;0;
"02-04-2014 08h15";158.55;0;41.7;0;0;0;
"02-04-2014 08h30";143.5;0;38.2;0;0;0;
"02-04-2014 08h45";152.53;0;38.1;0;0;0;
"02-04-2014 09h00";151.53;0;41;0;0;0;
"02-04-2014 09h15";168.58;0;44.7;0;0;0;
"02-04-2014 09h30";166.57;0;50.5;0;0;0;
"02-04-2014 09h45";180.62;0;48.9;0;0;0;
"02-04-2014 10h00";183.62;0;49.2;0;0;0;
"02-04-2014 10h15";180.62;0;47.9;0;0;0;
"02-04-2014 10h30";184.63;0;49.3;0;0;0;
"02-04-2014 10h45";193.65;0;52.2;0;0;0;
"02-04-2014 11h00";199.67;0;54.8;0;0;0;
"02-04-2014 11h15";183.62;0;51.2;0;0;0;
"02-04-2014 11h30";172.59;0;48.1;0;0;0;
"02-04-2014 11h45";174.6;0;52.3;0;0;0;
"02-04-2014 12h00";185.63;0;49.4;0;0;0;
"02-04-2014 12h15";178.61;0;46.7;0;0;0;
"02-04-2014 12h30";192.65;0;53.1;0;0;0;
"02-04-2014 12h45";183.62;0;50.2;0;0;0;
"02-04-2014 13h00";188.64;0;52.7;0;0;0;
"02-04-2014 13h15";180.62;0;49.9;0;0;0;
"02-04-2014 13h30";187.64;0;51.6;0;0;0;
"02-04-2014 13h45";197.67;0;57.6;0;0;0;
"02-04-2014 14h00";185.63;0;50.4;0;0;0;
"02-04-2014 14h15";180.62;0;52.9;0;0;0;
"02-04-2014 14h30";167.58;0;45.6;0;0;0;
"02-04-2014 14h45";191.65;0;53;0;0;0;
"02-04-2014 15h00";180.62;0;47.9;0;0;0;
"02-04-2014 15h15";175.6;0;47.4;0;0;0;
"02-04-2014 15h30";174.6;0;44.3;0;0;0;
"02-04-2014 15h45";183.62;0;52.2;0;0;0;
"02-04-2014 16h00";188.64;0;54.7;0;0;0;
"02-04-2014 16h15";181.62;0;53;0;0;0;
"02-04-2014 16h30";182.62;0;51.1;0;0;0;
"02-04-2014 16h45";190.65;0;53.9;0;0;0;
"02-04-2014 17h00";192.65;0;49.1;0;0;0;
"02-04-2014 17h15";190.65;0;49.9;0;0;0;
"02-04-2014 17h30";168.58;0;45.7;0;0;0;
"02-04-2014 17h45";189.64;0;50.8;0;0;0;
"02-04-2014 18h00";189.64;0;51.8;0;0;0;
"02-04-2014 18h15";167.58;0;44.6;0;0;0;
"02-04-2014 18h30";186.63;0;48.5;0;0;0;
"02-04-2014 18h45";187.64;0;53.6;0;0;0;
"02-04-2014 19h00";165.57;0;44.4;0;0;0;
"02-04-2014 19h15";191.65;0;47;0;0;0;
"02-04-2014 19h30";180.62;0;50.9;0;0;0;
"02-04-2014 19h45";183.62;0;47.2;0;0;0;
"02-04-2014 20h00";182.62;0;42.1;0;0;0;
"02-04-2014 20h15";196.66;0;51.5;0;0;0;
"02-04-2014 20h30";196.66;0;54.5;0;0;0;
"02-04-2014 20h45";195.66;0;53.4;0;0;0;
"02-04-2014 21h00";181.62;0;49;0;0;0;
"02-04-2014 21h15";180.62;0;52.9;0;0;0;
"02-04-2014 21h30";176.6;0;47.5;0;0;0;
"02-04-2014 21h45";173.59;0;45.2;0;0;0;
"02-04-2014 22h00";180.62;0;46.9;0;0;0;
"02-04-2014 22h15";169.58;0;48.8;0;0;0;
"02-04-2014 22h30";163.56;0;45.2;0;0;0;
"02-04-2014 22h45";153.53;0;40.2;0;0;0;
"02-04-2014 23h00";139.49;0;37.8;0;0;0;
"02-04-2014 23h15";118.17;0;33.7;0;0;0;
"02-04-2014 23h30";97.15;0;30.6;0;0;0;
"02-04-2014 23h45";106.16;0;32.5;0;0;0;
"02-04-2014 00h00";105.16;0;29.4;0;0;0;
"03-04-2014 00h15";95.15;0;26.4;0;0;0;
"03-04-2014 00h30";98.15;0;29.7;0;0;0;
"03-04-2014 00h45";99.15;0;31.8;0;0;0;
"03-04-2014 01h00";98.15;0;25.7;0;0;0;
"03-04-2014 01h15";97.15;0;29.6;0;0;0;
"03-04-2014 01h30";99.15;0;28.8;0;0;0;
"03-04-2014 01h45";103.16;0;31.2;0;0;0;
"03-04-2014 02h00";100.16;0;30.9;0;0;0;
"03-04-2014 02h15";106.16;0;31.5;0;0;0;
"03-04-2014 02h30";110.16;0;32.9;0;0;0;
"03-04-2014 02h45";126.45;0;36.5;0;0;0;
"03-04-2014 03h00";112.16;0;36.1;0;0;0;
"03-04-2014 03h15";106.16;0;30.5;0;0;0;
"03-04-2014 03h30";108.16;0;33.7;0;0;0;
"03-04-2014 03h45";113.17;0;35.2;0;0;0;
"03-04-2014 04h00";114.17;0;35.3;0;0;0;
"03-04-2014 04h15";103.16;0;31.2;0;0;0;
"03-04-2014 04h30";107.16;0;31.6;0;0;0;
"03-04-2014 04h45";122.17;0;35.1;0;0;0;
"03-04-2014 05h00";102.16;0;31.1;0;0;0;
"03-04-2014 05h15";101.16;0;31;0;0;0;
"03-04-2014 05h30";103.16;0;34.2;0;0;0;
"03-04-2014 05h45";111.16;0;38;0;0;0;
"03-04-2014 06h00";105.16;0;32.4;0;0;0;
"03-04-2014 06h15";98.15;0;30.7;0;0;0;
"03-04-2014 06h30";108.16;0;32.7;0;0;0;
"03-04-2014 06h45";125.18;0;34.4;0;0;0;
"03-04-2014 07h00";182.62;0;49.1;0;0;0;
"03-04-2014 07h15";211.71;0;57;0;0;0;
"03-04-2014 07h30";189.64;0;49.8;0;0;0;
"03-04-2014 07h45";186.63;0;48.5;0;0;0;
"03-04-2014 08h00";168.58;0;47.7;0;0;0;
"03-04-2014 08h15";153.53;0;44.2;0;0;0;
"03-04-2014 08h30";158.55;0;42.7;0;0;0;
"03-04-2014 08h45";165.57;0;45.4;0;0;0;
"03-04-2014 09h00";158.55;0;42.7;0;0;0;
"03-04-2014 09h15";168.58;0;50.7;0;0;0;
"03-04-2014 09h30";166.57;0;51.5;0;0;0;
"03-04-2014 09h45";167.58;0;47.6;0;0;0;
"03-04-2014 10h00";168.58;0;44.7;0;0;0;
"03-04-2014 10h15";174.6;0;48.3;0;0;0;
"03-04-2014 10h30";174.6;0;48.3;0;0;0;
"03-04-2014 10h45";188.64;0;50.7;0;0;0;
"03-04-2014 11h00";190.65;0;52.9;0;0;0;
"03-04-2014 11h15";183.62;0;53.2;0;0;0;
"03-04-2014 11h30";177.61;0;49.6;0;0;0;
"03-04-2014 11h45";186.63;0;50.5;0;0;0;
"03-04-2014 12h00";184.63;0;52.3;0;0;0;
"03-04-2014 12h15";174.6;0;50.3;0;0;0;
"03-04-2014 12h30";197.67;0;52.6;0;0;0;
"03-04-2014 12h45";179.61;0;48.8;0;0;0;
"03-04-2014 13h00";175.6;0;47.4;0;0;0;
"03-04-2014 13h15";177.61;0;49.6;0;0;0;
"03-04-2014 13h30";175.6;0;50.4;0;0;0;
"03-04-2014 13h45";172.59;0;47.1;0;0;0;
"03-04-2014 14h00";172.59;0;46.1;0;0;0;
"03-04-2014 14h15";167.58;0;49.6;0;0;0;
"03-04-2014 14h30";167.58;0;48.6;0;0;0;
"03-04-2014 14h45";181.62;0;52;0;0;0;
"03-04-2014 15h00";178.61;0;53.7;0;0;0;
"03-04-2014 15h15";172.59;0;46.1;0;0;0;
"03-04-2014 15h30";190.65;0;56.9;0;0;0;
"03-04-2014 15h45";183.62;0;51.2;0;0;0;
"03-04-2014 16h00";192.65;0;54.1;0;0;0;
"03-04-2014 16h15";187.64;0;54.6;0;0;0;
"03-04-2014 16h30";179.61;0;50.8;0;0;0;
"03-04-2014 16h45";200.68;0;52.9;0;0;0;
"03-04-2014 17h00";201.68;0;59;0;0;0;
"03-04-2014 17h15";191.65;0;53;0;0;0;
"03-04-2014 17h30";187.64;0;52.6;0;0;0;
"03-04-2014 17h45";194.66;0;51.3;0;0;0;
"03-04-2014 18h00";195.66;0;56.4;0;0;0;
"03-04-2014 18h15";182.62;0;49.1;0;0;0;
"03-04-2014 18h30";181.62;0;49;0;0;0;
"03-04-2014 18h45";180.62;0;50.9;0;0;0;
"03-04-2014 19h00";176.6;0;48.5;0;0;0;
"03-04-2014 19h15";192.65;0;53.1;0;0;0;
"03-04-2014 19h30";189.64;0;51.8;0;0;0;
"03-04-2014 19h45";193.65;0;53.2;0;0;0;
"03-04-2014 20h00";181.62;0;46;0;0;0;
"03-04-2014 20h15";189.64;0;50.8;0;0;0;
"03-04-2014 20h30";185.63;0;48.4;0;0;0;
"03-04-2014 20h45";200.68;0;51.9;0;0;0;
"03-04-2014 21h00";184.63;0;52.3;0;0;0;
"03-04-2014 21h15";183.62;0;52.2;0;0;0;
"03-04-2014 21h30";182.62;0;51.1;0;0;0;
"03-04-2014 21h45";179.61;0;50.8;0;0;0;
"03-04-2014 22h00";185.63;0;53.4;0;0;0;
"03-04-2014 22h15";166.57;0;46.5;0;0;0;
"03-04-2014 22h30";150.53;0;43.9;0;0;0;
"03-04-2014 22h45";140.5;0;39.9;0;0;0;
"03-04-2014 23h00";121.17;0;32;0;0;0;
"03-04-2014 23h15";107.16;0;32.6;0;0;0;
"03-04-2014 23h30";94.15;0;31.3;0;0;0;
"03-04-2014 23h45";89.15;0;30.8;0;0;0;
"03-04-2014 00h00";87.14;0;24.6;0;0;0;
"04-04-2014 00h15";78.14;0;18.7;0;0;0;
"04-04-2014 00h30";78.14;0;22.7;0;0;0;
"04-04-2014 00h45";84.14;0;22.3;0;0;0;
"04-04-2014 01h00";83.14;0;25.2;0;0;0;
"04-04-2014 01h15";84.14;0;23.3;0;0;0;
"04-04-2014 01h30";83.14;0;26.2;0;0;0;
"04-04-2014 01h45";86.14;0;21.5;0;0;0;
"04-04-2014 02h00";78.14;0;22.7;0;0;0;
"04-04-2014 02h15";92.15;0;29.1;0;0;0;
"04-04-2014 02h30";93.15;0;26.2;0;0;0;
"04-04-2014 02h45";104.16;0;31.3;0;0;0;
"04-04-2014 03h00";95.15;0;26.4;0;0;0;
"04-04-2014 03h15";94.15;0;27.3;0;0;0;
"04-04-2014 03h30";87.14;0;26.6;0;0;0;
"04-04-2014 03h45";95.15;0;31.4;0;0;0;
"04-04-2014 04h00";97.15;0;25.6;0;0;0;
"04-04-2014 04h15";99.15;0;27.8;0;0;0;
"04-04-2014 04h30";91.15;0;23;0;0;0;
"04-04-2014 04h45";98.15;0;28.7;0;0;0;
"04-04-2014 05h00";93.15;0;25.2;0;0;0;
"04-04-2014 05h15";87.14;0;27.6;0;0;0;
"04-04-2014 05h30";86.14;0;27.5;0;0;0;
"04-04-2014 05h45";102.16;0;30.1;0;0;0;
"04-04-2014 06h00";90.15;0;26.9;0;0;0;
"04-04-2014 06h15";89.15;0;24.8;0;0;0;
"04-04-2014 06h30";101.16;0;32;0;0;0;
"04-04-2014 06h45";106.16;0;31.5;0;0;0;
"04-04-2014 07h00";174.6;0;44.3;0;0;0;
"04-04-2014 07h15";188.64;0;47.7;0;0;0;
"04-04-2014 07h30";172.59;0;44.1;0;0;0;
"04-04-2014 07h45";181.62;0;48;0;0;0;
"04-04-2014 08h00";182.62;0;50.1;0;0;0;
"04-04-2014 08h15";163.56;0;42.2;0;0;0;
"04-04-2014 08h30";160.56;0;42.9;0;0;0;
"04-04-2014 08h45";172.59;0;46.1;0;0;0;
"04-04-2014 09h00";163.56;0;47.2;0;0;0;
"04-04-2014 09h15";168.58;0;48.7;0;0;0;
"04-04-2014 09h30";186.63;0;50.5;0;0;0;
"04-04-2014 09h45";185.63;0;52.4;0;0;0;
"04-04-2014 10h00";174.6;0;49.3;0;0;0;
"04-04-2014 10h15";180.62;0;51.9;0;0;0;
"04-04-2014 10h30";195.66;0;55.4;0;0;0;
"04-04-2014 10h45";177.61;0;48.6;0;0;0;
"04-04-2014 11h00";178.61;0;49.7;0;0;0;
"04-04-2014 11h15";175.6;0;48.4;0;0;0;
"04-04-2014 11h30";177.61;0;48.6;0;0;0;
"04-04-2014 11h45";179.61;0;50.8;0;0;0;
"04-04-2014 12h00";177.61;0;46.6;0;0;0;
"04-04-2014 12h15";177.61;0;45.6;0;0;0;
"04-04-2014 12h30";182.62;0;47.1;0;0;0;
"04-04-2014 12h45";180.62;0;46.9;0;0;0;
"04-04-2014 13h00";176.6;0;49.5;0;0;0;
"04-04-2014 13h15";177.61;0;47.6;0;0;0;
"04-04-2014 13h30";177.61;0;46.6;0;0;0;
"04-04-2014 13h45";182.62;0;49.1;0;0;0;
"04-04-2014 14h00";178.61;0;45.7;0;0;0;
"04-04-2014 14h15";178.61;0;49.7;0;0;0;
"04-04-2014 14h30";176.6;0;45.5;0;0;0;
"04-04-2014 14h45";185.63;0;54.4;0;0;0;
"04-04-2014 15h00";179.61;0;48.8;0;0;0;
"04-04-2014 15h15";183.62;0;48.2;0;0;0;
"04-04-2014 15h30";178.61;0;49.7;0;0;0;
"04-04-2014 15h45";187.64;0;49.6;0;0;0;
"04-04-2014 16h00";184.63;0;50.3;0;0;0;
"04-04-2014 16h15";181.62;0;50;0;0;0;
"04-04-2014 16h30";178.61;0;46.7;0;0;0;
"04-04-2014 16h45";199.67;0;57.8;0;0;0;
"04-04-2014 17h00";190.65;0;51.9;0;0;0;
"04-04-2014 17h15";172.59;0;47.1;0;0;0;
"04-04-2014 17h30";177.61;0;53.6;0;0;0;
"04-04-2014 17h45";200.68;0;55.9;0;0;0;
"04-04-2014 18h00";196.66;0;49.5;0;0;0;
"04-04-2014 18h15";171.59;0;45;0;0;0;
"04-04-2014 18h30";181.62;0;49;0;0;0;
"04-04-2014 18h45";179.61;0;51.8;0;0;0;
"04-04-2014 19h00";182.62;0;49.1;0;0;0;
"04-04-2014 19h15";187.64;0;47.6;0;0;0;
"04-04-2014 19h30";180.62;0;48.9;0;0;0;
"04-04-2014 19h45";193.65;0;52.2;0;0;0;
"04-04-2014 20h00";201.68;0;54;0;0;0;
"04-04-2014 20h15";201.68;0;54;0;0;0;
"04-04-2014 20h30";191.65;0;53;0;0;0;
"04-04-2014 20h45";197.67;0;53.6;0;0;0;
"04-04-2014 21h00";194.66;0;53.3;0;0;0;
"04-04-2014 21h15";188.64;0;53.7;0;0;0;
"04-04-2014 21h30";185.63;0;50.4;0;0;0;
"04-04-2014 21h45";185.63;0;48.4;0;0;0;
"04-04-2014 22h00";183.62;0;49.2;0;0;0;
"04-04-2014 22h15";179.61;0;46.8;0;0;0;
"04-04-2014 22h30";156.54;0;41.5;0;0;0;
"04-04-2014 22h45";141.5;0;38;0;0;0;
"04-04-2014 23h00";121.17;0;30;0;0;0;
"04-04-2014 23h15";114.17;0;33.3;0;0;0;
"04-04-2014 23h30";95.15;0;28.4;0;0;0;
"04-04-2014 23h45";101.16;0;30;0;0;0;
"04-04-2014 00h00";97.15;0;29.6;0;0;0;
"05-04-2014 00h15";78.14;0;19.7;0;0;0;
"05-04-2014 00h30";90.15;0;25.9;0;0;0;
"05-04-2014 00h45";90.15;0;26.9;0;0;0;
"05-04-2014 01h00";85.14;0;26.4;0;0;0;
"05-04-2014 01h15";90.15;0;22.9;0;0;0;
"05-04-2014 01h30";86.14;0;21.5;0;0;0;
"05-04-2014 01h45";87.14;0;22.6;0;0;0;
"05-04-2014 02h00";83.14;0;23.2;0;0;0;
"05-04-2014 02h15";93.15;0;26.2;0;0;0;
"05-04-2014 02h30";93.15;0;31.2;0;0;0;
"05-04-2014 02h45";111.16;0;32;0;0;0;
"05-04-2014 03h00";103.16;0;29.2;0;0;0;
"05-04-2014 03h15";95.15;0;29.4;0;0;0;
"05-04-2014 03h30";97.15;0;27.6;0;0;0;
"05-04-2014 03h45";104.16;0;31.3;0;0;0;
"05-04-2014 04h00";104.16;0;32.3;0;0;0;
"05-04-2014 04h15";100.16;0;28.9;0;0;0;
"05-04-2014 04h30";95.15;0;30.4;0;0;0;
"05-04-2014 04h45";106.16;0;31.5;0;0;0;
"05-04-2014 05h00";99.15;0;30.8;0;0;0;
"05-04-2014 05h15";95.15;0;25.4;0;0;0;
"05-04-2014 05h30";96.15;0;28.5;0;0;0;
"05-04-2014 05h45";101.16;0;27;0;0;0;
"05-04-2014 06h00";93.15;0;26.2;0;0;0;
"05-04-2014 06h15";84.14;0;24.3;0;0;0;
"05-04-2014 06h30";104.16;0;31.3;0;0;0;
"05-04-2014 06h45";117.17;0;34.6;0;0;0;
"05-04-2014 07h00";179.61;0;44.8;0;0;0;
"05-04-2014 07h15";213.71;0;59.2;0;0;0;
"05-04-2014 07h30";194.66;0;53.3;0;0;0;
"05-04-2014 07h45";195.66;0;53.4;0;0;0;
"05-04-2014 08h00";171.59;0;48;0;0;0;
"05-04-2014 08h15";151.53;0;37;0;0;0;
"05-04-2014 08h30";173.59;0;45.2;0;0;0;
"05-04-2014 08h45";194.66;0;55.3;0;0;0;
"05-04-2014 09h00";186.63;0;53.5;0;0;0;
"05-04-2014 09h15";197.67;0;58.6;0;0;0;
"05-04-2014 09h30";190.65;0;56.9;0;0;0;
"05-04-2014 09h45";183.62;0;46.2;0;0;0;
"05-04-2014 10h00";189.64;0;54.8;0;0;0;
"05-04-2014 10h15";199.67;0;53.8;0;0;0;
"05-04-2014 10h30";197.67;0;55.6;0;0;0;
"05-04-2014 10h45";190.65;0;49.9;0;0;0;
"05-04-2014 11h00";186.63;0;51.5;0;0;0;
"05-04-2014 11h15";193.65;0;54.2;0;0;0;
"05-04-2014 11h30";187.64;0;53.6;0;0;0;
"05-04-2014 11h45";189.64;0;53.8;0;0;0;
"05-04-2014 12h00";196.66;0;56.5;0;0;0;
"05-04-2014 12h15";202.68;0;52.1;0;0;0;
"05-04-2014 12h30";216.72;0;57.5;0;0;0;
"05-04-2014 12h45";194.66;0;55.3;0;0;0;
"05-04-2014 13h00";192.65;0;53.1;0;0;0;
"05-04-2014 13h15";195.66;0;55.4;0;0;0;
"05-04-2014 13h30";190.65;0;47.9;0;0;0;
"05-04-2014 13h45";194.66;0;54.3;0;0;0;
"05-04-2014 14h00";192.65;0;52.1;0;0;0;
"05-04-2014 14h15";186.63;0;52.5;0;0;0;
"05-04-2014 14h30";176.6;0;48.5;0;0;0;
"05-04-2014 14h45";212.71;0;59.1;0;0;0;
"05-04-2014 15h00";203.68;0;55.2;0;0;0;
"05-04-2014 15h15";193.65;0;53.2;0;0;0;
"05-04-2014 15h30";190.65;0;54.9;0;0;0;
"05-04-2014 15h45";203.68;0;56.2;0;0;0;
"05-04-2014 16h00";196.66;0;48.5;0;0;0;
"05-04-2014 16h15";195.66;0;57.4;0;0;0;
"05-04-2014 16h30";228.76;0;61.7;0;0;0;
"05-04-2014 16h45";213.71;0;57.2;0;0;0;
"05-04-2014 17h00";206.69;0;54.5;0;0;0;
"05-04-2014 17h15";190.65;0;50.9;0;0;0;
"05-04-2014 17h30";189.64;0;51.8;0;0;0;
"05-04-2014 17h45";211.71;0;60;0;0;0;
"05-04-2014 18h00";202.68;0;59.1;0;0;0;
"05-04-2014 18h15";205.69;0;53.4;0;0;0;
"05-04-2014 18h30";201.68;0;51;0;0;0;
"05-04-2014 18h45";198.67;0;50.7;0;0;0;
"05-04-2014 19h00";182.62;0;49.1;0;0;0;
"05-04-2014 19h15";198.67;0;54.7;0;0;0;
"05-04-2014 19h30";206.69;0;56.5;0;0;0;
"05-04-2014 19h45";196.66;0;54.5;0;0;0;
"05-04-2014 20h00";190.65;0;52.9;0;0;0;
"05-04-2014 20h15";200.68;0;52.9;0;0;0;
"05-04-2014 20h30";198.67;0;55.7;0;0;0;
"05-04-2014 20h45";192.65;0;49.1;0;0;0;
"05-04-2014 21h00";197.67;0;53.6;0;0;0;
"05-04-2014 21h15";189.64;0;51.8;0;0;0;
"05-04-2014 21h30";182.62;0;50.1;0;0;0;
"05-04-2014 21h45";181.62;0;51;0;0;0;
"05-04-2014 22h00";192.65;0;53.1;0;0;0;
"05-04-2014 22h15";170.59;0;44.9;0;0;0;
"05-04-2014 22h30";154.54;0;42.3;0;0;0;
"05-04-2014 22h45";144.51;0;40.3;0;0;0;
"05-04-2014 23h00";137.49;0;37.6;0;0;0;
"05-04-2014 23h15";105.16;0;31.4;0;0;0;
"05-04-2014 23h30";92.15;0;27.1;0;0;0;
"05-04-2014 23h45";85.14;0;24.4;0;0;0;
"05-04-2014 00h00";90.15;0;29.9;0;0;0;
"06-04-2014 00h15";85.14;0;24.4;0;0;0;
"06-04-2014 00h30";89.15;0;25.8;0;0;0;
"06-04-2014 00h45";89.15;0;25.8;0;0;0;
"06-04-2014 01h00";90.15;0;24.9;0;0;0;
"06-04-2014 01h15";92.15;0;26.1;0;0;0;
"06-04-2014 01h30";91.15;0;25;0;0;0;
"06-04-2014 01h45";88.15;0;24.7;0;0;0;
"06-04-2014 02h00";89.15;0;26.8;0;0;0;
"06-04-2014 02h15";95.15;0;25.4;0;0;0;
"06-04-2014 02h30";94.15;0;27.3;0;0;0;
"06-04-2014 02h45";113.17;0;33.2;0;0;0;
"06-04-2014 03h00";96.15;0;26.5;0;0;0;
"06-04-2014 03h15";91.15;0;26;0;0;0;
"06-04-2014 03h30";99.15;0;26.8;0;0;0;
"06-04-2014 03h45";105.16;0;30.4;0;0;0;
"06-04-2014 04h00";100.16;0;27.9;0;0;0;
"06-04-2014 04h15";97.15;0;26.6;0;0;0;
"06-04-2014 04h30";87.14;0;25.6;0;0;0;
"06-04-2014 04h45";100.16;0;27.9;0;0;0;
"06-04-2014 05h00";98.15;0;29.7;0;0;0;
"06-04-2014 05h15";92.15;0;25.1;0;0;0;
"06-04-2014 05h30";98.15;0;26.7;0;0;0;
"06-04-2014 05h45";104.16;0;30.3;0;0;0;
"06-04-2014 06h00";95.15;0;28.4;0;0;0;
"06-04-2014 06h15";88.15;0;24.7;0;0;0;
"06-04-2014 06h30";101.16;0;29;0;0;0;
"06-04-2014 06h45";124.17;0;35.3;0;0;0;
"06-04-2014 07h00";182.62;0;47.1;0;0;0;
"06-04-2014 07h15";217.73;0;58.6;0;0;0;
"06-04-2014 07h30";183.62;0;51.2;0;0;0;
"06-04-2014 07h45";178.61;0;44.7;0;0;0;
"06-04-2014 08h00";167.58;0;43.6;0;0;0;
"06-04-2014 08h15";160.56;0;42.9;0;0;0;
"06-04-2014 08h30";163.56;0;43.2;0;0;0;
"06-04-2014 08h45";180.62;0;40.9;0;0;0;
"06-04-2014 09h00";179.61;0;46.8;0;0;0;
"06-04-2014 09h15";184.63;0;52.3;0;0;0;
"06-04-2014 09h30";175.6;0;48.4;0;0;0;
"06-04-2014 09h45";177.61;0;50.6;0;0;0;
"06-04-2014 10h00";188.64;0;49.7;0;0;0;
"06-04-2014 10h15";198.67;0;53.7;0;0;0;
"06-04-2014 10h30";195.66;0;52.4;0;0;0;
"06-04-2014 10h45";183.62;0;49.2;0;0;0;
"06-04-2014 11h00";182.62;0;46.1;0;0;0;
"06-04-2014 11h15";185.63;0;52.4;0;0;0;
"06-04-2014 11h30";182.62;0;49.1;0;0;0;
"06-04-2014 11h45";177.61;0;49.6;0;0;0;
"06-04-2014 12h00";183.62;0;48.2;0;0;0;
"06-04-2014 12h15";184.63;0;47.3;0;0;0;
"06-04-2014 12h30";187.64;0;52.6;0;0;0;
"06-04-2014 12h45";189.64;0;54.8;0;0;0;
"06-04-2014 13h00";192.65;0;58.1;0;0;0;
"06-04-2014 13h15";196.66;0;57.5;0;0;0;
"06-04-2014 13h30";197.67;0;55.6;0;0;0;
"06-04-2014 13h45";192.65;0;54.1;0;0;0;
"06-04-2014 14h00";201.68;0;55;0;0;0;
"06-04-2014 14h15";194.66;0;55.3;0;0;0;
"06-04-2014 14h30";199.67;0;54.8;0;0;0;
"06-04-2014 14h45";211.71;0;56;0;0;0;
"06-04-2014 15h00";199.67;0;52.8;0;0;0;
"06-04-2014 15h15";198.67;0;58.7;0;0;0;
"06-04-2014 15h30";194.66;0;52.3;0;0;0;
"06-04-2014 15h45";213.71;0;56.2;0;0;0;
"06-04-2014 16h00";220.74;0;61.9;0;0;0;
"06-04-2014 16h15";204.69;0;53.3;0;0;0;
"06-04-2014 16h30";207.7;0;56.6;0;0;0;
"06-04-2014 16h45";222.74;0;61.1;0;0;0;
"06-04-2014 17h00";212.71;0;55.1;0;0;0;
"06-04-2014 17h15";200.68;0;53.9;0;0;0;
"06-04-2014 17h30";207.7;0;56.6;0;0;0;
"06-04-2014 17h45";206.69;0;54.5;0;0;0;
"06-04-2014 18h00";195.66;0;47.4;0;0;0;
"06-04-2014 18h15";182.62;0;50.1;0;0;0;
"06-04-2014 18h30";191.65;0;55;0;0;0;
"06-04-2014 18h45";191.65;0;50;0;0;0;
"06-04-2014 19h00";185.63;0;51.4;0;0;0;
"06-04-2014 19h15";193.65;0;55.2;0;0;0;
"06-04-2014 19h30";203.68;0;54.2;0;0;0;
"06-04-2014 19h45";208.7;0;53.7;0;0;0;
"06-04-2014 20h00";202.68;0;56.1;0;0;0;
"06-04-2014 20h15";198.67;0;55.7;0;0;0;
"06-04-2014 20h30";201.68;0;52;0;0;0;
"06-04-2014 20h45";203.68;0;53.2;0;0;0;
"06-04-2014 21h00";197.67;0;54.6;0;0;0;
"06-04-2014 21h15";190.65;0;51.9;0;0;0;
"06-04-2014 21h30";188.64;0;55.7;0;0;0;
"06-04-2014 21h45";186.63;0;46.5;0;0;0;
"06-04-2014 22h00";185.63;0;53.4;0;0;0;
"06-04-2014 22h15";175.6;0;45.4;0;0;0;
"06-04-2014 22h30";165.57;0;45.4;0;0;0;
"06-04-2014 22h45";147.52;0;37.6;0;0;0;
"06-04-2014 23h00";137.49;0;37.6;0;0;0;
"06-04-2014 23h15";106.16;0;29.5;0;0;0;
"06-04-2014 23h30";94.15;0;28.3;0;0;0;
"06-04-2014 23h45";88.15;0;26.7;0;0;0;
"06-04-2014 00h00";87.14;0;24.6;0;0;0;
"07-04-2014 00h15";79.14;0;21.8;0;0;0;
"07-04-2014 00h30";88.15;0;23.7;0;0;0;
"07-04-2014 00h45";84.14;0;23.3;0;0;0;
"07-04-2014 01h00";84.14;0;25.3;0;0;0;
"07-04-2014 01h15";90.15;0;26.9;0;0;0;
"07-04-2014 01h30";86.14;0;24.5;0;0;0;
"07-04-2014 01h45";89.15;0;22.8;0;0;0;
"07-04-2014 02h00";86.14;0;21.5;0;0;0;
"07-04-2014 02h15";81.14;0;23;0;0;0;
"07-04-2014 02h30";85.14;0;19.4;0;0;0;
"07-04-2014 02h45";99.15;0;25.8;0;0;0;
"07-04-2014 03h00";87.14;0;25.6;0;0;0;
"07-04-2014 03h15";86.14;0;26.5;0;0;0;
"07-04-2014 03h30";83.14;0;22.2;0;0;0;
"07-04-2014 03h45";92.15;0;27.1;0;0;0;
"07-04-2014 04h00";89.15;0;22.8;0;0;0;
"07-04-2014 04h15";86.14;0;26.5;0;0;0;
"07-04-2014 04h30";84.14;0;25.3;0;0;0;
"07-04-2014 04h45";87.14;0;29.6;0;0;0;
"07-04-2014 05h00";85.14;0;23.4;0;0;0;
"07-04-2014 05h15";81.14;0;26;0;0;0;
"07-04-2014 05h30";80.14;0;22.9;0;0;0;
"07-04-2014 05h45";90.15;0;25.9;0;0;0;
"07-04-2014 06h00";84.14;0;24.3;0;0;0;
"07-04-2014 06h15";77.14;0;19.6;0;0;0;
"07-04-2014 06h30";87.14;0;20.6;0;0;0;
"07-04-2014 06h45";108.16;0;33.7;0;0;0;
"07-04-2014 07h00";170.59;0;43.9;0;0;0;
"07-04-2014 07h15";197.67;0;57.6;0;0;0;
"07-04-2014 07h30";173.59;0;47.2;0;0;0;
"07-04-2014 07h45";176.6;0;43.5;0;0;0;
"07-04-2014 08h00";174.6;0;46.3;0;0;0;
"07-04-2014 08h15";150.53;0;41.9;0;0;0;
"07-04-2014 08h30";141.5;0;41;0;0;0;
"07-04-2014 08h45";150.53;0;41.9;0;0;0;
"07-04-2014 09h00";152.53;0;43.1;0;0;0;
"07-04-2014 09h15";164.57;0;47.3;0;0;0;
"07-04-2014 09h30";171.59;0;50;0;0;0;
"07-04-2014 09h45";178.61;0;51.7;0;0;0;
"07-04-2014 10h00";175.6;0;48.4;0;0;0;
"07-04-2014 10h15";180.62;0;49.9;0;0;0;
"07-04-2014 10h30";183.62;0;51.2;0;0;0;
"07-04-2014 10h45";170.59;0;48.9;0;0;0;
"07-04-2014 11h00";171.59;0;50;0;0;0;
"07-04-2014 11h15";166.57;0;48.5;0;0;0;
"07-04-2014 11h30";172.59;0;50.1;0;0;0;
"07-04-2014 11h45";182.62;0;52.1;0;0;0;
"07-04-2014 12h00";179.61;0;51.8;0;0;0;
"07-04-2014 12h15";177.61;0;40.6;0;0;0;
"07-04-2014 12h30";203.68;0;55.2;0;0;0;
"07-04-2014 12h45";197.67;0;53.6;0;0;0;
"07-04-2014 13h00";201.68;0;59;0;0;0;
"07-04-2014 13h15";185.63;0;53.4;0;0;0;
"07-04-2014 13h30";188.64;0;49.7;0;0;0;
"07-04-2014 13h45";192.65;0;54.1;0;0;0;
"07-04-2014 14h00";203.68;0;58.2;0;0;0;
"07-04-2014 14h15";203.68;0;58.2;0;0;0;
"07-04-2014 14h30";192.65;0;54.1;0;0;0;
"07-04-2014 14h45";203.68;0;56.2;0;0;0;
"07-04-2014 15h00";194.66;0;57.3;0;0;0;
"07-04-2014 15h15";197.67;0;54.6;0;0;0;
"07-04-2014 15h30";198.67;0;51.7;0;0;0;
"07-04-2014 15h45";204.69;0;55.3;0;0;0;
"07-04-2014 16h00";204.69;0;51.3;0;0;0;
"07-04-2014 16h15";195.66;0;53.4;0;0;0;
"07-04-2014 16h30";198.67;0;48.7;0;0;0;
"07-04-2014 16h45";204.69;0;55.3;0;0;0;
"07-04-2014 17h00";240.8;0;60.9;0;0;0;
"07-04-2014 17h15";209.7;0;57.8;0;0;0;
"07-04-2014 17h30";219.73;0;60.8;0;0;0;
"07-04-2014 17h45";215.72;0;60.4;0;0;0;
"07-04-2014 18h00";210.71;0;52.9;0;0;0;
"07-04-2014 18h15";193.65;0;51.2;0;0;0;
"07-04-2014 18h30";206.69;0;55.5;0;0;0;
"07-04-2014 18h45";186.63;0;51.5;0;0;0;
"07-04-2014 19h00";202.68;0;59.1;0;0;0;
"07-04-2014 19h15";197.67;0;58.6;0;0;0;
"07-04-2014 19h30";200.68;0;54.9;0;0;0;
"07-04-2014 19h45";203.68;0;60.2;0;0;0;
"07-04-2014 20h00";201.68;0;55;0;0;0;
"07-04-2014 20h15";206.69;0;58.5;0;0;0;
"07-04-2014 20h30";213.71;0;58.2;0;0;0;
"07-04-2014 20h45";201.68;0;54;0;0;0;
"07-04-2014 21h00";204.69;0;59.3;0;0;0;
"07-04-2014 21h15";195.66;0;51.4;0;0;0;
"07-04-2014 21h30";193.65;0;50.2;0;0;0;
"07-04-2014 21h45";190.65;0;52.9;0;0;0;
"07-04-2014 22h00";193.65;0;53.2;0;0;0;
"07-04-2014 22h15";182.62;0;50.1;0;0;0;
"07-04-2014 22h30";155.54;0;44.4;0;0;0;
"07-04-2014 22h45";148.52;0;42.7;0;0;0;
"07-04-2014 23h00";129.46;0;34.8;0;0;0;
"07-04-2014 23h15";107.16;0;26.6;0;0;0;
"07-04-2014 23h30";118.17;0;33.7;0;0;0;
"07-04-2014 23h45";118.17;0;32.7;0;0;0;
"07-04-2014 00h00";119.17;0;34.8;0;0;0;
"08-04-2014 00h15";112.16;0;35.1;0;0;0;
"08-04-2014 00h30";117.17;0;35.6;0;0;0;
"08-04-2014 00h45";122.17;0;37.1;0;0;0;
"08-04-2014 01h00";121.17;0;37;0;0;0;
"08-04-2014 01h15";125.18;0;36.4;0;0;0;
"08-04-2014 01h30";121.17;0;36;0;0;0;
"08-04-2014 01h45";120.17;0;33.9;0;0;0;
"08-04-2014 02h00";120.17;0;32.9;0;0;0;
"08-04-2014 02h15";124.17;0;36.3;0;0;0;
"08-04-2014 02h30";122.17;0;33.1;0;0;0;
"08-04-2014 02h45";152.53;0;40.1;0;0;0;
"08-04-2014 03h00";144.51;0;38.3;0;0;0;
"08-04-2014 03h15";143.5;0;40.2;0;0;0;
"08-04-2014 03h30";143.5;0;38.2;0;0;0;
"08-04-2014 03h45";151.53;0;36;0;0;0;
"08-04-2014 04h00";152.53;0;42.1;0;0;0;
"08-04-2014 04h15";140.5;0;38.9;0;0;0;
"08-04-2014 04h30";96.15;0;31.5;0;0;0;
"08-04-2014 04h45";103.16;0;33.2;0;0;0;
"08-04-2014 05h00";91.15;0;29;0;0;0;
"08-04-2014 05h15";88.15;0;25.7;0;0;0;
"08-04-2014 05h30";90.15;0;24.9;0;0;0;
"08-04-2014 05h45";103.16;0;31.2;0;0;0;
"08-04-2014 06h00";99.15;0;30.8;0;0;0;
"08-04-2014 06h15";90.15;0;27.9;0;0;0;
"08-04-2014 06h30";95.15;0;24.4;0;0;0;
"08-04-2014 06h45";125.18;0;35.4;0;0;0;
"08-04-2014 07h00";126.45;0;34.5;0;0;0;
"08-04-2014 07h15";217.73;0;58.6;0;0;0;
"08-04-2014 07h30";191.65;0;56;0;0;0;
"08-04-2014 07h45";180.62;0;48.9;0;0;0;
"08-04-2014 08h00";171.59;0;45;0;0;0;
"08-04-2014 08h15";161.56;0;48;0;0;0;
"08-04-2014 08h30";150.53;0;42.9;0;0;0;
"08-04-2014 08h45";156.54;0;45.5;0;0;0;
"08-04-2014 09h00";158.55;0;43.7;0;0;0;
"08-04-2014 09h15";159.55;0;45.8;0;0;0;
"08-04-2014 09h30";172.59;0;50.1;0;0;0;
"08-04-2014 09h45";175.6;0;49.4;0;0;0;
"08-04-2014 10h00";185.63;0;52.4;0;0;0;
"08-04-2014 10h15";179.61;0;50.8;0;0;0;
"08-04-2014 10h30";162.56;0;44.1;0;0;0;
"08-04-2014 10h45";173.59;0;49.2;0;0;0;
"08-04-2014 11h00";174.6;0;51.3;0;0;0;
"08-04-2014 11h15";184.63;0;54.3;0;0;0;
"08-04-2014 11h30";176.6;0;49.5;0;0;0;
"08-04-2014 11h45";179.61;0;52.8;0;0;0;
"08-04-2014 12h00";177.61;0;51.6;0;0;0;
"08-04-2014 12h15";180.62;0;50.9;0;0;0;
"08-04-2014 12h30";200.68;0;56.9;0;0;0;
"08-04-2014 12h45";195.66;0;57.4;0;0;0;
"08-04-2014 13h00";198.67;0;55.7;0;0;0;
"08-04-2014 13h15";192.65;0;56.1;0;0;0;
"08-04-2014 13h30";199.67;0;55.8;0;0;0;
"08-04-2014 13h45";199.67;0;58.8;0;0;0;
"08-04-2014 14h00";196.66;0;57.5;0;0;0;
"08-04-2014 14h15";198.67;0;57.7;0;0;0;
"08-04-2014 14h30";188.64;0;56.7;0;0;0;
"08-04-2014 14h45";207.7;0;61.6;0;0;0;
"08-04-2014 15h00";207.7;0;53.6;0;0;0;
"08-04-2014 15h15";203.68;0;56.2;0;0;0;
"08-04-2014 15h30";194.66;0;52.3;0;0;0;
"08-04-2014 15h45";216.72;0;55.5;0;0;0;
"08-04-2014 16h00";208.7;0;58.7;0;0;0;
"08-04-2014 16h15";207.7;0;57.6;0;0;0;
"08-04-2014 16h30";206.69;0;57.5;0;0;0;
"08-04-2014 16h45";219.73;0;61.8;0;0;0;
"08-04-2014 17h00";219.73;0;56.8;0;0;0;
"08-04-2014 17h15";213.71;0;61.2;0;0;0;
"08-04-2014 17h30";201.68;0;58;0;0;0;
"08-04-2014 17h45";213.71;0;56.2;0;0;0;
"08-04-2014 18h00";212.71;0;58.1;0;0;0;
"08-04-2014 18h15";199.67;0;52.8;0;0;0;
"08-04-2014 18h30";221.74;0;60;0;0;0;
"08-04-2014 18h45";207.7;0;52.6;0;0;0;
"08-04-2014 19h00";190.65;0;51.9;0;0;0;
"08-04-2014 19h15";195.66;0;54.4;0;0;0;
"08-04-2014 19h30";209.7;0;58.8;0;0;0;
"08-04-2014 19h45";217.73;0;56.6;0;0;0;
"08-04-2014 20h00";220.74;0;61.9;0;0;0;
"08-04-2014 20h15";217.73;0;62.6;0;0;0;
"08-04-2014 20h30";213.71;0;57.2;0;0;0;
"08-04-2014 20h45";220.74;0;60.9;0;0;0;
"08-04-2014 21h00";211.71;0;59;0;0;0;
"08-04-2014 21h15";208.7;0;58.7;0;0;0;
"08-04-2014 21h30";205.69;0;58.4;0;0;0;
"08-04-2014 21h45";202.68;0;55.1;0;0;0;
"08-04-2014 22h00";206.69;0;58.5;0;0;0;
"08-04-2014 22h15";200.68;0;57.9;0;0;0;
"08-04-2014 22h30";169.58;0;50.8;0;0;0;
"08-04-2014 22h45";160.56;0;44.9;0;0;0;
"08-04-2014 23h00";132.47;0;39.1;0;0;0;
"08-04-2014 23h15";115.17;0;32.4;0;0;0;
"08-04-2014 23h30";103.16;0;31.2;0;0;0;
"08-04-2014 23h45";96.15;0;29.5;0;0;0;
"08-04-2014 00h00";97.15;0;31.6;0;0;0;
"09-04-2014 00h15";81.14;0;19;0;0;0;
"09-04-2014 00h30";94.15;0;25.3;0;0;0;
"09-04-2014 00h45";96.15;0;29.5;0;0;0;
"09-04-2014 01h00";86.14;0;25.5;0;0;0;
"09-04-2014 01h15";99.15;0;29.8;0;0;0;
"09-04-2014 01h30";93.15;0;30.2;0;0;0;
"09-04-2014 01h45";95.15;0;30.4;0;0;0;
"09-04-2014 02h00";84.14;0;26.3;0;0;0;
"09-04-2014 02h15";91.15;0;28;0;0;0;
"09-04-2014 02h30";89.15;0;25.8;0;0;0;
"09-04-2014 02h45";107.16;0;34.6;0;0;0;
"09-04-2014 03h00";99.15;0;30.8;0;0;0;
"09-04-2014 03h15";97.15;0;28.6;0;0;0;
"09-04-2014 03h30";94.15;0;28.3;0;0;0;
"09-04-2014 03h45";99.15;0;27.8;0;0;0;
"09-04-2014 04h00";102.16;0;29.1;0;0;0;
"09-04-2014 04h15";92.15;0;22.1;0;0;0;
"09-04-2014 04h30";86.14;0;25.5;0;0;0;
"09-04-2014 04h45";104.16;0;28.3;0;0;0;
"09-04-2014 05h00";91.15;0;24;0;0;0;
"09-04-2014 05h15";87.14;0;26.6;0;0;0;
"09-04-2014 05h30";89.15;0;24.8;0;0;0;
"09-04-2014 05h45";97.15;0;26.6;0;0;0;
"09-04-2014 06h00";96.15;0;28.5;0;0;0;
"09-04-2014 06h15";86.14;0;21.5;0;0;0;
"09-04-2014 06h30";97.15;0;27.6;0;0;0;
"09-04-2014 06h45";111.16;0;35;0;0;0;
"09-04-2014 07h00";189.64;0;51.8;0;0;0;
"09-04-2014 07h15";209.7;0;57.8;0;0;0;
"09-04-2014 07h30";176.6;0;47.5;0;0;0;
"09-04-2014 07h45";169.58;0;45.8;0;0;0;
"09-04-2014 08h00";179.61;0;49.8;0;0;0;
"09-04-2014 08h15";144.51;0;36.3;0;0;0;
"09-04-2014 08h30";160.56;0;46.9;0;0;0;
"09-04-2014 08h45";179.61;0;48.8;0;0;0;
"09-04-2014 09h00";178.61;0;52.7;0;0;0;
"09-04-2014 09h15";188.64;0;56.7;0;0;0;
"09-04-2014 09h30";183.62;0;54.2;0;0;0;
"09-04-2014 09h45";180.62;0;50.9;0;0;0;
"09-04-2014 10h00";181.62;0;55;0;0;0;
"09-04-2014 10h15";180.62;0;48.9;0;0;0;
"09-04-2014 10h30";181.62;0;52;0;0;0;
"09-04-2014 10h45";185.63;0;52.4;0;0;0;
"09-04-2014 11h00";190.65;0;54.9;0;0;0;
"09-04-2014 11h15";183.62;0;50.2;0;0;0;
"09-04-2014 11h30";191.65;0;53;0;0;0;
"09-04-2014 11h45";195.66;0;53.4;0;0;0;
"09-04-2014 12h00";191.65;0;56;0;0;0;
"09-04-2014 12h15";174.6;0;52.3;0;0;0;
"09-04-2014 12h30";199.67;0;55.8;0;0;0;
"09-04-2014 12h45";197.67;0;53.6;0;0;0;
"09-04-2014 13h00";194.66;0;55.3;0;0;0;
"09-04-2014 13h15";190.65;0;54.9;0;0;0;
"09-04-2014 13h30";209.7;0;59.8;0;0;0;
"09-04-2014 13h45";189.64;0;52.8;0;0;0;
"09-04-2014 14h00";184.63;0;53.3;0;0;0;
"09-04-2014 14h15";177.61;0;53.6;0;0;0;
"09-04-2014 14h30";170.59;0;47.9;0;0;0;
"09-04-2014 14h45";195.66;0;58.4;0;0;0;
"09-04-2014 15h00";189.64;0;56.8;0;0;0;
"09-04-2014 15h15";187.64;0;54.6;0;0;0;
"09-04-2014 15h30";183.62;0;52.2;0;0;0;
"09-04-2014 15h45";190.65;0;54.9;0;0;0;
"09-04-2014 16h00";197.67;0;56.6;0;0;0;
"09-04-2014 16h15";189.64;0;55.8;0;0;0;
"09-04-2014 16h30";185.63;0;50.4;0;0;0;
"09-04-2014 16h45";197.67;0;52.6;0;0;0;
"09-04-2014 17h00";200.68;0;51.9;0;0;0;
"09-04-2014 17h15";200.68;0;54.9;0;0;0;
"09-04-2014 17h30";190.65;0;56.9;0;0;0;
"09-04-2014 17h45";196.66;0;51.5;0;0;0;
"09-04-2014 18h00";201.68;0;52;0;0;0;
"09-04-2014 18h15";199.67;0;56.8;0;0;0;
"09-04-2014 18h30";193.65;0;52.2;0;0;0;
"09-04-2014 18h45";183.62;0;51.2;0;0;0;
"09-04-2014 19h00";179.61;0;52.8;0;0;0;
"09-04-2014 19h15";182.62;0;55.1;0;0;0;
"09-04-2014 19h30";198.67;0;55.7;0;0;0;
"09-04-2014 19h45";210.71;0;58.9;0;0;0;
"09-04-2014 20h00";202.68;0;56.1;0;0;0;
"09-04-2014 20h15";205.69;0;55.4;0;0;0;
"09-04-2014 20h30";202.68;0;59.1;0;0;0;
"09-04-2014 20h45";203.68;0;58.2;0;0;0;
"09-04-2014 21h00";199.67;0;55.8;0;0;0;
"09-04-2014 21h15";200.68;0;54.9;0;0;0;
"09-04-2014 21h30";188.64;0;46.7;0;0;0;
"09-04-2014 21h45";190.65;0;55.9;0;0;0;
"09-04-2014 22h00";189.64;0;47.8;0;0;0;
"09-04-2014 22h15";188.64;0;52.7;0;0;0;
"09-04-2014 22h30";160.56;0;42.9;0;0;0;
"09-04-2014 22h45";150.53;0;42.9;0;0;0;
"09-04-2014 23h00";136.48;0;36.5;0;0;0;
"09-04-2014 23h15";117.17;0;31.6;0;0;0;
"09-04-2014 23h30";97.15;0;24.6;0;0;0;
"09-04-2014 23h45";98.15;0;25.7;0;0;0;
"09-04-2014 00h00";96.15;0;26.5;0;0;0;
"10-04-2014 00h15";77.14;0;17.6;0;0;0;
"10-04-2014 00h30";93.15;0;21.2;0;0;0;
"10-04-2014 00h45";93.15;0;24.2;0;0;0;
"10-04-2014 01h00";91.15;0;28;0;0;0;
"10-04-2014 01h15";93.15;0;26.2;0;0;0;
"10-04-2014 01h30";94.15;0;24.3;0;0;0;
"10-04-2014 01h45";93.15;0;24.2;0;0;0;
"10-04-2014 02h00";88.15;0;27.7;0;0;0;
"10-04-2014 02h15";88.15;0;26.7;0;0;0;
"10-04-2014 02h30";91.15;0;25;0;0;0;
"10-04-2014 02h45";105.16;0;28.4;0;0;0;
"10-04-2014 03h00";93.15;0;28.2;0;0;0;
"10-04-2014 03h15";96.15;0;27.5;0;0;0;
"10-04-2014 03h30";88.15;0;23.7;0;0;0;
"10-04-2014 03h45";105.16;0;29.4;0;0;0;
"10-04-2014 04h00";103.16;0;28.2;0;0;0;
"10-04-2014 04h15";89.15;0;27.8;0;0;0;
"10-04-2014 04h30";91.15;0;29;0;0;0;
"10-04-2014 04h45";107.16;0;30.6;0;0;0;
"10-04-2014 05h00";97.15;0;29.6;0;0;0;
"10-04-2014 05h15";89.15;0;21.8;0;0;0;
"10-04-2014 05h30";93.15;0;24.2;0;0;0;
"10-04-2014 05h45";102.16;0;29.1;0;0;0;
"10-04-2014 06h00";96.15;0;28.5;0;0;0;
"10-04-2014 06h15";100.16;0;28.9;0;0;0;
"10-04-2014 06h30";99.15;0;27.8;0;0;0;
"10-04-2014 06h45";110.16;0;30.9;0;0;0;
"10-04-2014 07h00";169.58;0;47.8;0;0;0;
"10-04-2014 07h15";204.69;0;54.3;0;0;0;
"10-04-2014 07h30";174.6;0;48.3;0;0;0;
"10-04-2014 07h45";183.62;0;44.2;0;0;0;
"10-04-2014 08h00";162.56;0;45.1;0;0;0;
"10-04-2014 08h15";148.52;0;41.7;0;0;0;
"10-04-2014 08h30";145.51;0;41.4;0;0;0;
"10-04-2014 08h45";170.59;0;44.9;0;0;0;
"10-04-2014 09h00";167.58;0;49.6;0;0;0;
"10-04-2014 09h15";170.59;0;47.9;0;0;0;
"10-04-2014 09h30";180.62;0;53.9;0;0;0;
"10-04-2014 09h45";193.65;0;56.2;0;0;0;
"10-04-2014 10h00";190.65;0;53.9;0;0;0;
"10-04-2014 10h15";198.67;0;59.7;0;0;0;
"10-04-2014 10h30";186.63;0;52.5;0;0;0;
"10-04-2014 10h45";184.63;0;53.3;0;0;0;
"10-04-2014 11h00";195.66;0;56.4;0;0;0;
"10-04-2014 11h15";194.66;0;55.3;0;0;0;
"10-04-2014 11h30";191.65;0;54;0;0;0;
"10-04-2014 11h45";178.61;0;49.7;0;0;0;
"10-04-2014 12h00";180.62;0;51.9;0;0;0;
"10-04-2014 12h15";182.62;0;52.1;0;0;0;
"10-04-2014 12h30";186.63;0;52.5;0;0;0;
"10-04-2014 12h45";195.66;0;54.4;0;0;0;
"10-04-2014 13h00";195.66;0;54.4;0;0;0;
"10-04-2014 13h15";197.67;0;53.6;0;0;0;
"10-04-2014 13h30";191.65;0;55;0;0;0;
"10-04-2014 13h45";204.69;0;55.3;0;0;0;
"10-04-2014 14h00";190.65;0;54.9;0;0;0;
"10-04-2014 14h15";186.63;0;53.5;0;0;0;
"10-04-2014 14h30";185.63;0;54.4;0;0;0;
"10-04-2014 14h45";201.68;0;57;0;0;0;
"10-04-2014 15h00";195.66;0;56.4;0;0;0;
"10-04-2014 15h15";207.7;0;50.6;0;0;0;
"10-04-2014 15h30";202.68;0;58.1;0;0;0;
"10-04-2014 15h45";211.71;0;58;0;0;0;
"10-04-2014 16h00";209.7;0;57.8;0;0;0;
"10-04-2014 16h15";209.7;0;57.8;0;0;0;
"10-04-2014 16h30";208.7;0;54.7;0;0;0;
"10-04-2014 16h45";207.7;0;58.6;0;0;0;
"10-04-2014 17h00";214.72;0;58.3;0;0;0;
"10-04-2014 17h15";200.68;0;54.9;0;0;0;
"10-04-2014 17h30";198.67;0;52.7;0;0;0;
"10-04-2014 17h45";204.69;0;53.3;0;0;0;
"10-04-2014 18h00";215.72;0;57.4;0;0;0;
"10-04-2014 18h15";193.65;0;52.2;0;0;0;
"10-04-2014 18h30";196.66;0;53.5;0;0;0;
"10-04-2014 18h45";183.62;0;52.2;0;0;0;
"10-04-2014 19h00";184.63;0;51.3;0;0;0;
"10-04-2014 19h15";188.64;0;53.7;0;0;0;
"10-04-2014 19h30";202.68;0;57.1;0;0;0;
"10-04-2014 19h45";214.72;0;58.3;0;0;0;
"10-04-2014 20h00";201.68;0;58;0;0;0;
"10-04-2014 20h15";199.67;0;53.8;0;0;0;
"10-04-2014 20h30";207.7;0;51.6;0;0;0;
"10-04-2014 20h45";201.68;0;54;0;0;0;
"10-04-2014 21h00";189.64;0;48.8;0;0;0;
"10-04-2014 21h15";192.65;0;48.1;0;0;0;
"10-04-2014 21h30";187.64;0;52.6;0;0;0;
"10-04-2014 21h45";179.61;0;47.8;0;0;0;
"10-04-2014 22h00";183.62;0;50.2;0;0;0;
"10-04-2014 22h15";181.62;0;50;0;0;0;
"10-04-2014 22h30";152.53;0;42.1;0;0;0;
"10-04-2014 22h45";141.5;0;42;0;0;0;
"10-04-2014 23h00";127.46;0;37.6;0;0;0;
"10-04-2014 23h15";107.16;0;32.6;0;0;0;
"10-04-2014 23h30";93.15;0;31.2;0;0;0;
"10-04-2014 23h45";92.15;0;25.1;0;0;0;
"10-04-2014 00h00";88.15;0;29.7;0;0;0;
